     77.7145767
     74.9897156
     76.8345871
     77.7697144
     82.7631683
     79.3408356
     81.2168884
     80.8685837
     79.7873840
     77.3488007
     76.8492966
     74.0496979
     83.7571106
     74.8586960
     88.8499908
     88.8559952
     88.8458862
     88.8492966
     88.8644104
     88.8716583
     88.8830185
     88.8607941
     88.8318558
     88.8606415
     77.7145767
     74.9897156
     76.8345871
     77.7697144
     82.7631683
     79.3408356
     80.8685837
     79.7873840
     77.3488007
     76.8492966
     74.0496979
     83.7571106
     74.8586960
     88.8499908
     88.8559952
     88.8458862
     88.8492966
     88.8644104
     88.8716583
     88.8830185
     88.8607941
     88.8318558
     88.8606415
