 0.000000e+00 1.000000e+00 1.000000e+00 2.000000e+00
  -8.500000e-01 7.598753e-01 1.000000e+00 1.000000e+00
  -7.000000e-01 8.360086e-01 1.000000e+00 1.000000e+00
  0.000000e+00 8.741857e-01 1.000000e+00 1.000000e+00
  -1.000000e-01 9.132760e-01 1.000000e+00 2.000000e+00
  -1.000000e+00 8.359148e-01 1.000000e+00 1.000000e+00
  0.000000e+00 7.533606e-01 1.000000e+00 1.000000e+00
  0.000000e+00 7.800346e-01 1.000000e+00 1.000000e+00
  -7.500000e-01 8.284269e-01 1.000000e+00 1.000000e+00
  -1.500000e-01 8.410313e-01 1.000000e+00 1.000000e+00
  -3.500000e-01 4.514693e-01 -1.000000e+00 1.000000e+00
  0.000000e+00 7.848977e-01 1.000000e+00 1.000000e+00
  -5.000000e-01 4.386750e-01 -1.000000e+00 1.000000e+00
  6.500000e-01 6.521293e-01 1.000000e+00 1.000000e+00
 