 0.000000e+00 1.000000e+00 1.000000e+00 1.000000e+00
  -4.500000e-01 9.083692e-01 1.000000e+00 1.000000e+00
  0.000000e+00 9.875315e-01 1.000000e+00 1.000000e+00
  -7.000000e-01 9.154399e-01 1.000000e+00 1.000000e+00
  0.000000e+00 9.941144e-01 1.000000e+00 1.000000e+00
  0.000000e+00 7.452206e-01 1.000000e+00 1.000000e+00
  -3.500000e-01 5.142122e-01 -1.000000e+00 1.000000e+00
  -7.500000e-01 7.703655e-01 1.000000e+00 1.000000e+00
  -3.500000e-01 9.438396e-01 1.000000e+00 1.000000e+00
  0.000000e+00 9.893540e-01 1.000000e+00 1.000000e+00
  5.000000e-02 8.919049e-01 1.000000e+00 1.000000e+00
 