 0.000000e+00 1.000000e+00 1.000000e+00 1.000000e+00
  -4.000000e-01 4.054376e-01 -1.000000e+00 1.000000e+00
  -1.500000e-01 5.759604e-01 -1.000000e+00 1.000000e+00
  1.000000e-01 5.780426e-01 -1.000000e+00 1.000000e+00
  -1.000000e+00 6.123127e-01 1.000000e+00 1.000000e+00
  2.500000e-01 6.060372e-01 -1.000000e+00 1.000000e+00
  -8.000000e-01 7.232658e-01 1.000000e+00 1.000000e+00
  -7.500000e-01 6.025505e-01 1.000000e+00 1.000000e+00
  -8.500000e-01 6.581072e-01 1.000000e+00 1.000000e+00
  -9.500000e-01 5.711716e-01 1.000000e+00 1.000000e+00
  0.000000e+00 7.466047e-01 1.000000e+00 1.000000e+00
  4.500000e-01 5.118375e-01 -1.000000e+00 1.000000e+00
  -1.500000e-01 6.583029e-01 -1.000000e+00 1.000000e+00
  4.500000e-01 5.157419e-01 -1.000000e+00 1.000000e+00
  4.000000e-01 6.023766e-01 -1.000000e+00 1.000000e+00
  -7.000000e-01 6.018526e-01 -1.000000e+00 1.000000e+00
  -9.500000e-01 5.568648e-01 1.000000e+00 1.000000e+00
  -1.000000e+00 5.785248e-01 1.000000e+00 1.000000e+00
  -8.500000e-01 5.730065e-01 1.000000e+00 1.000000e+00
  5.000000e-02 7.113910e-01 -1.000000e+00 1.000000e+00
  -5.000000e-02 5.796607e-01 -1.000000e+00 1.000000e+00
  4.000000e-01 5.657584e-01 -1.000000e+00 1.300000e+01
  4.000000e-01 5.682133e-01 -1.000000e+00 1.300000e+01
  4.000000e-01 5.553647e-01 -1.000000e+00 1.300000e+01
  4.000000e-01 5.527949e-01 -1.000000e+00 1.300000e+01
  4.000000e-01 5.467362e-01 -1.000000e+00 1.300000e+01
  -1.000000e+00 5.527460e-01 1.000000e+00 1.300000e+01
  4.000000e-01 5.532710e-01 -1.000000e+00 1.300000e+01
  -1.000000e+00 5.567416e-01 1.000000e+00 1.300000e+01
  4.500000e-01 5.628730e-01 -1.000000e+00 1.300000e+01
  4.000000e-01 5.703412e-01 -1.000000e+00 1.300000e+01
  -1.000000e+00 5.648189e-01 1.000000e+00 1.300000e+01
  4.000000e-01 5.624033e-01 -1.000000e+00 1.300000e+01
  4.000000e-01 5.784774e-01 -1.000000e+00 1.300000e+01
  -7.000000e-01 6.234106e-01 1.000000e+00 1.000000e+00
  -4.500000e-01 6.222241e-01 1.000000e+00 1.000000e+00
  -7.500000e-01 6.213447e-01 1.000000e+00 1.000000e+00
  2.000000e-01 6.587433e-01 -1.000000e+00 1.000000e+00
  -1.000000e+00 6.551404e-01 1.000000e+00 1.000000e+00
  4.500000e-01 5.419184e-01 -1.000000e+00 2.100000e+01
  -9.000000e-01 5.478751e-01 1.000000e+00 2.100000e+01
  5.500000e-01 5.222534e-01 -1.000000e+00 2.100000e+01
  5.500000e-01 5.293731e-01 -1.000000e+00 2.100000e+01
  4.500000e-01 5.895018e-01 -1.000000e+00 2.100000e+01
  4.000000e-01 5.988907e-01 -1.000000e+00 2.100000e+01
  -6.000000e-01 6.458150e-01 -1.000000e+00 2.100000e+01
  4.000000e-01 6.524959e-01 -1.000000e+00 2.100000e+01
  3.500000e-01 6.463049e-01 -1.000000e+00 2.100000e+01
  5.000000e-02 6.850875e-01 1.000000e+00 2.100000e+01
  6.000000e-01 4.794814e-01 -1.000000e+00 2.100000e+01
  5.000000e-01 5.174086e-01 -1.000000e+00 2.100000e+01
  5.000000e-01 5.540530e-01 -1.000000e+00 2.100000e+01
  5.000000e-01 5.597595e-01 -1.000000e+00 2.100000e+01
  5.000000e-01 5.216424e-01 -1.000000e+00 2.100000e+01
  5.000000e-01 5.170325e-01 -1.000000e+00 2.100000e+01
  5.000000e-01 5.130369e-01 -1.000000e+00 2.100000e+01
  4.500000e-01 5.382082e-01 -1.000000e+00 2.100000e+01
  4.500000e-01 5.540984e-01 -1.000000e+00 2.100000e+01
  4.500000e-01 5.621749e-01 -1.000000e+00 2.100000e+01
  -1.000000e+00 5.888912e-01 1.000000e+00 2.100000e+01
  -5.500000e-01 5.789927e-01 1.000000e+00 1.000000e+00
  4.000000e-01 6.595446e-01 -1.000000e+00 2.000000e+00
  1.500000e-01 7.288745e-01 -1.000000e+00 2.000000e+00
 