 0.000000e+00 1.000000e+00 1.000000e+00 5.000000e+00
  5.000000e-02 4.438631e-01 -1.000000e+00 3.000000e+00
  8.000000e-01 5.960856e-01 1.000000e+00 5.000000e+00
  4.000000e-01 6.814969e-01 1.000000e+00 6.000000e+00
  -1.000000e+00 3.114872e-01 1.000000e+00 4.000000e+00
  1.500000e-01 8.656882e-01 1.000000e+00 5.000000e+00
  -2.000000e-01 3.951920e-01 -1.000000e+00 2.000000e+00
  6.000000e-01 5.847005e-01 1.000000e+00 1.000000e+00
  -3.500000e-01 2.881352e-01 -1.000000e+00 3.000000e+00
  4.500000e-01 7.182436e-01 1.000000e+00 1.000000e+00
  0.000000e+00 5.618494e-01 1.000000e+00 1.000000e+00
  4.500000e-01 8.191709e-01 1.000000e+00 6.000000e+00
  2.500000e-01 4.359554e-01 -1.000000e+00 3.000000e+00
  2.000000e-01 4.588554e-01 1.000000e+00 1.000000e+00
  -6.000000e-01 4.892344e-01 1.000000e+00 1.000000e+00
  -7.500000e-01 4.281521e-01 1.000000e+00 1.000000e+00
  -8.500000e-01 2.437729e-01 -1.000000e+00 1.000000e+00
 