 92.000000 21.000000 0.135603 
  92.500000 21.000000 0.349562 
  93.000000 21.000000 0.423938 
  93.500000 21.000000 0.253487 
  94.000000 21.000000 0.212459 
  94.500000 21.000000 0.228512 
  95.000000 21.000000 0.293219 
  95.500000 21.000000 0.115354 
  96.000000 21.000000 0.229366 
  92.000000 21.500000 0.125394 
  92.500000 21.500000 0.110391 
  93.000000 21.500000 0.368278 
  93.500000 21.500000 0.292552 
  94.000000 21.500000 0.203214 
  94.500000 21.500000 0.194490 
  95.000000 21.500000 0.177571 
  95.500000 21.500000 0.266756 
  96.000000 21.500000 0.277031 
  92.000000 22.000000 0.070196 
  92.500000 22.000000 0.101979 
  93.000000 22.000000 0.173985 
  93.500000 22.000000 0.384828 
  94.000000 22.000000 0.162651 
  94.500000 22.000000 0.265710 
  95.000000 22.000000 0.505967 
  95.500000 22.000000 0.663455 
  96.000000 22.000000 0.577299 
  92.000000 22.500000 0.021957 
  92.500000 22.500000 0.015588 
  93.000000 22.500000 0.032829 
  93.500000 22.500000 0.152384 
  94.000000 22.500000 0.247858 
  94.500000 22.500000 0.870275 
  95.000000 22.500000 0.848432 
  95.500000 22.500000 0.727795 
  96.000000 22.500000 0.086721 
  92.000000 23.000000 0.019848 
  92.500000 23.000000 0.026500 
  93.000000 23.000000 0.024342 
  93.500000 23.000000 0.034676 
  94.000000 23.000000 0.026297 
  94.500000 23.000000 1.000000 
  95.000000 23.000000 0.462902 
  95.500000 23.000000 0.229612 
  96.000000 23.000000 0.195461 
  92.000000 23.500000 0.016739 
  92.500000 23.500000 0.023522 
  93.000000 23.500000 0.022144 
  93.500000 23.500000 0.031365 
  94.000000 23.500000 0.027892 
  94.500000 23.500000 0.022891 
  95.000000 23.500000 0.088082 
  95.500000 23.500000 0.176607 
  96.000000 23.500000 0.262391 
  92.000000 24.000000 0.025679 
  92.500000 24.000000 0.027675 
  93.000000 24.000000 0.024494 
  93.500000 24.000000 0.022905 
  94.000000 24.000000 0.016995 
  94.500000 24.000000 0.021489 
  95.000000 24.000000 0.020982 
  95.500000 24.000000 0.074952 
  96.000000 24.000000 0.156102 
  92.000000 24.500000 0.027000 
  92.500000 24.500000 0.034156 
  93.000000 24.500000 0.019154 
  93.500000 24.500000 0.012707 
  94.000000 24.500000 0.032173 
  94.500000 24.500000 0.042080 
  95.000000 24.500000 0.028321 
  95.500000 24.500000 0.020544 
  96.000000 24.500000 0.042625 
  92.000000 25.000000 0.030271 
  92.500000 25.000000 0.023982 
  93.000000 25.000000 0.030821 
  93.500000 25.000000 0.025896 
  94.000000 25.000000 0.024671 
  94.500000 25.000000 0.031914 
  95.000000 25.000000 0.022492 
  95.500000 25.000000 0.014574 
  96.000000 25.000000 0.033706 
 