cut_2016104135517_MN_AQU_.BHZ       68.6894913       308.1168823        77.8070450 
cut_2016104135517_MN_BNI_.BHZ       72.7825851       312.1230469        74.4945068 
cut_2016104135517_MN_CEL_.BHZ       67.6976547       303.3781128        77.6507187 
cut_2016104135517_MN_CLTB_.BHZ       69.9150467       303.1858521        75.9421616 
cut_2016104135517_MN_DIVS_.BHZ       63.6506500       309.1016541        82.7034607 
cut_2016104135517_MN_IDI_.BHZ       61.1459579       298.6724243        80.9861679 
cut_2016104135517_MN_TIR_.BHZ       64.1274567       306.0842896        81.2882614 
cut_2016104135517_MN_TRI_.BHZ       67.7710953       311.6018677        79.3487015 
cut_2016104135517_MN_TUE_.BHZ       70.6194458       313.0822449        76.7022171 
cut_2016104135517_MN_VSL_.BHZ       72.3364868       305.9541321        74.4558334 
cut_2016104135517_MN_VTS_.BHZ       61.4717827       307.1382751        84.0177994 
