cut_2016104135517_AU_ARMA_.BHZ       76.1590729       131.8896179       307.4752197 
cut_2016104135517_AU_AS31_.BHZ       60.0050583       138.1403198       317.9150696 
cut_2016104135517_AU_BBOO_.BHZ       68.0967560       143.2592163       319.1441650 
cut_2016104135517_AU_BLDU_.BHZ       57.3700142       157.5752411       335.9529114 
cut_2016104135517_AU_CMSA_.BHZ       72.9363785       136.1503448       311.6546326 
cut_2016104135517_AU_CNB_.BHZ       77.7213516       137.0263367       309.8619690 
cut_2016104135517_AU_COEN_.BHZ       59.9464951       123.0652008       307.3510132 
cut_2016104135517_AU_CTA_.BHZ       66.0031052       126.4593887       307.9995728 
cut_2016104135517_AU_EIDS_.BHZ       72.7378311       128.0283966       306.6942749 
cut_2016104135517_AU_FORT_.BHZ       62.3220062       147.8209534       325.2602844 
cut_2016104135517_AU_GIRL_.BHZ       49.2143326       156.0861969       336.1668091 
cut_2016104135517_AU_HTT_.BHZ       70.1616516       141.7875061       317.0625916 
cut_2016104135517_AU_KDU_.BHZ       51.2027092       130.1158447       313.8093872 
cut_2016104135517_AU_KNRA_.BHZ       50.8515892       136.1027679       318.4808044 
cut_2016104135517_AU_LHI_.BHZ       82.0030441       129.0458069       303.1261597 
cut_2016104135517_AU_MAW_.BHZ       93.4764099       191.7244568        29.2317963 
cut_2016104135517_AU_MEEK_.BHZ       54.5184898       153.6868286       332.8658447 
cut_2016104135517_AU_MOO_.BHZ       81.1291733       143.6120605       312.4335022 
cut_2016104135517_AU_MORW_.BHZ       55.7252655       157.4630432       336.2221985 
cut_2016104135517_AU_MTN_.BHZ       50.3771553       131.4394684       314.9403687 
cut_2016104135517_AU_MUN_.BHZ       58.4436951       158.6818542       336.7997742 
cut_2016104135517_AU_PSA00_00.BHZ       50.6339073       149.3949890       329.7544250 
cut_2016104135517_AU_PSAA1_00.BHZ       50.6330147       149.4076996       329.7659912 
cut_2016104135517_AU_PSAA2_00.BHZ       50.6259880       149.3877563       329.7495117 
cut_2016104135517_AU_PSAA3_00.BHZ       50.6429825       149.3891602       329.7474060 
cut_2016104135517_AU_PSAB1_00.BHZ       50.6195602       149.4176178       329.7775574 
cut_2016104135517_AU_PSAB2_00.BHZ       50.6258659       149.3675995       329.7314758 
cut_2016104135517_AU_PSAB3_00.BHZ       50.6559563       149.3992157       329.7538452 
cut_2016104135517_AU_PSAC1_00.BHZ       50.5833015       149.4078674       329.7759705 
cut_2016104135517_AU_PSAC2_00.BHZ       50.6510277       149.3315277       329.6941528 
cut_2016104135517_AU_PSAC3_00.BHZ       50.6675529       149.4455566       329.7931213 
cut_2016104135517_AU_PSAD1_00.BHZ       50.5252914       149.3348694       329.7219849 
cut_2016104135517_AU_PSAD2_00.BHZ       50.7272797       149.3026428       329.6531372 
cut_2016104135517_AU_PSAD3_00.BHZ       50.6637726       149.5095062       329.8512268 
cut_2016104135517_AU_QIS_.BHZ       61.5409889       131.3456116       312.4581604 
cut_2016104135517_AU_QLP_.BHZ       68.7088013       133.1327667       311.3670959 
cut_2016104135517_AU_RIV_.BHZ       77.9351959       134.8941040       308.3982849 
cut_2016104135517_AU_STKA_.BHZ       70.6205826       138.9241333       314.6654968 
cut_2016104135517_AU_TOO_.BHZ       76.8692093       140.8745270       313.0000916 
cut_2016104135517_AU_WB1_.BHZ       57.5880661       134.8467865       316.0445251 
cut_2016104135517_AU_WB2_.BHZ       57.5792465       134.8294373       316.0336304 
cut_2016104135517_AU_WB3_.BHZ       57.5679398       134.8097076       316.0215454 
cut_2016104135517_AU_WB4_.BHZ       57.5562782       134.7911072       316.0104370 
cut_2016104135517_AU_WB5_.BHZ       57.5428658       134.7644501       315.9936523 
cut_2016104135517_AU_WB6_.BHZ       57.5269241       134.7446442       315.9826660 
cut_2016104135517_AU_WB7_.BHZ       57.6697502       134.7395325       315.9431152 
cut_2016104135517_AU_WB8_.BHZ       57.5064240       134.7000427       315.9541321 
cut_2016104135517_AU_WB9_.BHZ       57.4924355       134.6790161       315.9417725 
cut_2016104135517_AU_WC1_.BHZ       57.5581551       134.8239441       316.0347290 
cut_2016104135517_AU_WC2_.BHZ       57.5761871       134.8036652       316.0149231 
cut_2016104135517_AU_WC3_.BHZ       57.6042137       134.8257751       316.0245972 
cut_2016104135517_AU_WC4_.BHZ       57.5854836       134.8542175       316.0507813 
cut_2016104135517_AU_WR1_.BHZ       57.5715179       134.8385925       316.0424805 
cut_2016104135517_AU_WR2_.BHZ       57.5895576       134.8237457       316.0267334 
cut_2016104135517_AU_WR3_.BHZ       57.6067123       134.8054047       316.0086060 
cut_2016104135517_AU_WR4_.BHZ       57.6208725       134.7910919       315.9942627 
cut_2016104135517_AU_WR5_.BHZ       57.6377907       134.7735748       315.9768066 
cut_2016104135517_AU_WR6_.BHZ       57.6540565       134.7570496       315.9602661 
cut_2016104135517_AU_WR7_.BHZ       57.6697502       134.7395325       315.9431152 
cut_2016104135517_AU_WR8_.BHZ       57.6862106       134.7204285       315.9245911 
cut_2016104135517_AU_WRKA_.BHZ       57.8040581       143.7635651       323.1227112 
cut_2016104135517_AU_XMI_.BHZ       34.9785309       161.1415710       342.3850708 
cut_2016104135517_AU_XMIS_.BHZ       34.9967079       161.2171021       342.4535217 
