cut_2016104135517_JP_JEM_.BHZ       44.2537537        49.8295403       257.6964417 
cut_2016104135517_JP_JEW_.BHZ       43.1693459        51.3802452       258.0310059 
cut_2016104135517_JP_JGF_.BHZ       38.8312721        61.4524269       263.0634155 
cut_2016104135517_JP_JHS_.BHZ       35.3130798        61.6293640       260.7642517 
cut_2016104135517_JP_JKA_.BHZ       44.2537537        49.8295403       257.6964417 
cut_2016104135517_JP_JMM_.BHZ       41.8479424        58.5099602       262.8664551 
cut_2016104135517_JP_JMN_.BHZ       35.7596512        63.9406357       263.0737305 
cut_2016104135517_JP_JOW_.BHZ       30.4987774        75.9875565       270.3653870 
cut_2016104135517_JP_JSD_.BHZ       39.8906212        57.8169479       260.7910767 
cut_2016104135517_JP_JSU_.BHZ       32.6381721        67.2777939       263.9975586 
cut_2016104135517_JP_JTM_.BHZ       42.2065582        54.1839714       259.5809326 
cut_2016104135517_JP_JTU_.BHZ       32.2175980        61.4769249       258.5269165 
cut_2016104135517_JP_JYT_.BHZ       41.1885948        60.8803787       264.2820435 
cut_2016104135517_JP_YOJ_.BHZ       25.8113003        81.2541580       272.7464600 
