cut_2016104135517_KN_CHM_.BHZ       25.9164963       324.8105774       133.6667328 
cut_2016104135517_KN_EKS2_.BHZ       26.2161160       323.1424255       131.5084076 
cut_2016104135517_KN_KBK_.BHZ       25.5759964       324.4696045       133.4927216 
cut_2016104135517_KN_TKM2_.BHZ       25.4183636       325.6836243       135.0276337 
cut_2016104135517_KN_ULHL_.BHZ       24.6040821       325.3551331       135.1648712 
cut_2016104135517_KN_USP_.BHZ       26.2348728       324.9627991       133.6320801 
cut_2016104135517_KR_ANVS_.BHZ       24.2782078       328.1072083       138.6302948 
cut_2016104135517_KR_ARK_.BHZ       26.7095928       319.7344666       127.2448044 
cut_2016104135517_KR_BOOM_.BHZ       24.9353123       325.3953857       135.0003510 
cut_2016104135517_KR_BTK_.BHZ       26.4257698       315.4287109       122.6436462 
cut_2016104135517_KR_DRK_.BHZ       25.4760113       315.2715149       123.1307907 
cut_2016104135517_KR_FRU1_.BHZ       25.8747673       324.3801880       133.1882324 
cut_2016104135517_KR_KDJ_.BHZ       24.0267620       326.3914795       136.7467651 
cut_2016104135517_KR_OHH_.BHZ       25.4507980       318.2577515       126.4549789 
cut_2016104135517_KZ_ABKAR_.BHZ       37.8698120       322.3768921       120.9039078 
cut_2016104135517_KZ_KKAR_.BHZ       28.3544903       320.5747070       127.0112915 
cut_2016104135517_KZ_MKAR_.BHZ       25.7300682       339.9028625       152.5768890 
