75.8153381 72.8611298 253.1982880
89.6371155 60.3446007 240.7089691
51 -12345.0000000 -12345.0000000
51.9768257 26.7402725 206.8487091
65.0091553 18.0369415 198.1300507
20.1281471 90.0480652 270.1420593
33.7865791 49.4427414 229.5632172
33.7317352 351.0597534 171.0354004
55.2966766 0.3575628 180.3591766
37.3973083 344.8341064 164.7886658
46.2539711 0.4390686 180.4407196
58.2173386 355.8743591 175.8547974
108.8935165 83.9248047 264.4295654
120.3093338 79.5701752 260.1230469
118.5127792 73.5551834 254.0877686
103.4763565 74.2593994 254.7225037
91.0578461 113.6574326 294.0490723
97.0959854 105.7177963 286.1576843
90.0117035 99.2857666 279.7049866
49.7865028 335.5039673 155.4082489
68.9301453 347.4071655 167.3371124
51.5825768 338.0745239 157.9852448
71.1405563 348.9389343 168.8753510
48.4495544 17.4575520 197.5255127
94.2370682 143.8243256 324.0836487
90.8773499 102.4694672 282.8885498
22.2051659 96.4246979 276.5264282
77.2229080 45.7673836 226.0258179
59.7564735 127.0305786 307.2516174
22.4503403 203.3775330 23.3363132
24.8925247 217.7940826 37.7235794
29.4291973 267.2620544 87.1264343
45.2190094 291.1201172 110.9262390
63.4002075 266.2776794 85.9859619
30.6708431 153.1425171 333.2066956
67.1199036 54.9251671 235.1770477
52.9010239 352.5703430 172.5390625
38.0418320 47.1959343 227.3241577
44.3486748 325.4450989 145.3298340
61.6310768 122.8897324 303.1296692
8.1096182 91.2342300 271.2716064
31.2822342 294.3268433 114.1956100
60.9384041 281.0806885 100.8056107
43.3252068 107.3625107 287.5536194
15.9312229 290.1306763 110.0618134
82.4860916 178.2121582 358.2241821
71.5320053 355.3086243 175.2819672
55.7908783 115.4268036 295.6600647
58.3708229 344.0425415 163.9692383
38.7689514 236.5958710 56.4460983
41.4741707 252.7437286 72.5608749
44.3001289 352.1371460 172.1087952
25.5107479 260.4063110 80.2903061
73.0922470 156.4557495 336.5917969
68.3419571 219.4973145 39.2953911
38.4749107 254.7211609 74.5496979
26.8718357 309.2864685 129.1908722
61.9328499 192.8344116 12.7703743
36.9666862 180.1685638 0.1680634
38.4655876 59.8373756 239.9935303
65.7054291 210.8245239 30.6680412
0.2664617 213.7671509 33.7664566
22.2058182 137.3184204 317.3880310
27.0846424 291.7637939 111.6480484
66.7896347 7.1621718 187.2009888
31.3607616 188.9167023 8.8942032
80.3698044 141.0019531 321.2372437
77.4786453 142.9189148 323.1362305
60.0475807 168.7923889 348.8466492
109.8609543 332.1095276 151.8762360
154.9685364 357.5796204 177.5501862
76.0041046 198.7746124 18.6606522
