    693.0399780
    592.1500244
    645.0499878
    573.9000244
    674.4299927
    701.7800293
    591.7500000
    631.8200073
    673.2600098
    607.7800293
    514.2700195
    657.7899780
    529.2500000
    526.6199951
    724.7999878
    780.0300293
    553.5999756
    720.2199707
    562.2600098
    523.0599976
    581.4000244
    524.9899902
    524.9899902
    524.9299927
    525.0599976
    524.8800049
    524.9299927
    525.1599731
    524.6099854
    525.1199951
    525.2399902
    524.1799927
    525.6900024
    525.2199707
    602.5499878
    648.8599854
    702.9600220
    660.5800171
    697.0300293
    575.4299927
    575.3699951
    575.2899780
    575.2100220
    575.1099854
    575.0000000
    576.0000000
    574.8599854
    574.7600098
    575.2199707
    575.3499756
    575.5399780
    575.4099731
    575.3200073
    575.4400024
    575.5599976
    575.6599731
    575.7800293
    575.8900146
    576.0000000
    576.1199951
    576.9400024
    398.9800110
    399.1400146
