1.000000 92.500000 23.000000 0.658502 
 2.000000 92.500000 23.000000 0.792191 
 3.000000 95.000000 22.500000 1.000000 
 4.000000 94.500000 22.500000 0.827864 
 5.000000 94.500000 22.500000 0.831708 
 6.000000 92.000000 22.500000 0.798914 
 7.000000 95.500000 22.000000 0.705136 
 8.000000 95.500000 22.000000 0.715185 
 9.000000 95.000000 22.000000 0.603381 
 10.000000 93.000000 22.000000 0.613420 
 11.000000 95.500000 21.500000 0.572481 
 12.000000 95.500000 21.500000 0.509236 
 13.000000 95.500000 21.500000 0.377715 
 14.000000 95.500000 21.500000 0.346427 
 15.000000 92.000000 21.500000 0.300748 
 16.000000 92.000000 21.500000 0.279062 
 17.000000 92.000000 21.500000 0.232615 
 18.000000 92.000000 21.500000 0.177363 
 19.000000 92.500000 21.500000 0.145243 
 20.000000 92.500000 21.500000 0.098248 
 21.000000 93.000000 21.500000 0.076046 
 22.000000 93.000000 21.500000 0.064593 
 23.000000 93.000000 21.500000 0.025015 
 24.000000 95.500000 24.500000 0.027429 
 25.000000 95.500000 24.500000 0.026121 
 26.000000 95.500000 24.500000 0.029514 
 27.000000 95.500000 24.500000 0.029760 
 28.000000 95.500000 24.500000 0.025800 
 29.000000 92.000000 24.500000 0.025284 
 30.000000 92.000000 24.500000 0.025137 
 31.000000 92.000000 24.500000 0.024795 
 32.000000 92.000000 24.500000 0.025863 
 33.000000 92.000000 24.500000 0.025239 
 34.000000 95.500000 24.500000 0.022599 
 35.000000 95.500000 24.500000 0.020331 
 36.000000 95.500000 24.500000 0.019402 
 37.000000 95.500000 24.500000 0.020435 
 38.000000 95.500000 24.500000 0.022932 
 39.000000 93.000000 23.000000 0.024980 
 40.000000 93.000000 23.000000 0.026993 
 41.000000 93.000000 23.000000 0.028195 
 42.000000 93.000000 23.000000 0.028234 
 43.000000 92.000000 22.500000 0.028908 
 44.000000 95.000000 22.000000 0.029072 
 45.000000 95.500000 22.000000 0.031715 
 46.000000 92.000000 22.500000 0.031254 
 47.000000 92.000000 22.500000 0.029398 
 48.000000 92.000000 22.500000 0.027220 
 49.000000 95.500000 24.000000 0.022353 
 50.000000 95.500000 24.000000 0.019033 
 