
 0.050000 0.241585 
 0.100000 0.248937 
 0.150000 0.253795 
 0.200000 0.256745 
 0.250000 0.258716 
 0.300000 0.260707 
 0.350000 0.263505 
 0.400000 0.267509 
 0.450000 0.272721 
 0.500000 0.278893 
 0.550000 0.285751 
 0.600000 0.293196 
 0.650000 0.301412 
 0.700000 0.310838 
 0.750000 0.322009 
 0.800000 0.335312 
 0.850000 0.350764 
 0.900000 0.367924 
 0.950000 0.385996 
 1.000000 0.404060 
 1.050000 0.421319 
 1.100000 0.437269 
 1.150000 0.451728 
 1.200000 0.464766 
 1.250000 0.476591 
 1.300000 0.487460 
 1.350000 0.497607 
 1.400000 0.507207 
 1.450000 0.516353 
 1.500000 0.525070 
 1.550000 0.533354 
 1.600000 0.541231 
 1.650000 0.548781 
 1.700000 0.556133 
 1.750000 0.563432 
 1.800000 0.570782 
 1.850000 0.578200 
 1.900000 0.585589 
 1.950000 0.592749 
 2.000000 0.599443 
 2.050000 0.605470 
 2.100000 0.610730 
 2.150000 0.615239 
 2.200000 0.619112 
 2.250000 0.622516 
 2.300000 0.625619 
 2.350000 0.628559 
 2.400000 0.631437 
 2.450000 0.634311 
 2.500000 0.637206 
 2.550000 0.640013 
 2.600000 0.642789 
 2.650000 0.645497 
 2.700000 0.648109 
 2.750000 0.650612 
 2.800000 0.653011 
 2.850000 0.655320 
 2.900000 0.657546 
 2.950000 0.659678 
 3.000000 0.661669 
 3.050000 0.663447 
 3.100000 0.664931 
 3.150000 0.666051 
 3.200000 0.666771 
 3.250000 0.667093 
 3.300000 0.667053 
 3.350000 0.666711 
 3.400000 0.666145 
 3.450000 0.665443 
 3.500000 0.664700 
 3.550000 0.663999 
 3.600000 0.663402 
 3.650000 0.662938 
 3.700000 0.662601 
 3.750000 0.662360 
 3.800000 0.662161 
 3.850000 0.661926 
 3.900000 0.661557 
 3.950000 0.660940 
 4.000000 0.659954 
 4.050000 0.658472 
 4.100000 0.656357 
 4.150000 0.653450 
 4.200000 0.649571 
 4.250000 0.644531 
 4.300000 0.638168 
 4.350000 0.630391 
 4.400000 0.621228 
 4.450000 0.610847 
 4.500000 0.599519 
 4.550000 0.587525 
 4.600000 0.575063 
 4.650000 0.562192 
 4.700000 0.548884 
 4.750000 0.535131 
 4.800000 0.521061 
 4.850000 0.506999 
 4.900000 0.493464 
 4.950000 0.481108 
 5.000000 0.470612 
 5.050000 0.462536 
 5.100000 0.457140 
 5.150000 0.454244 
 5.200000 0.453206 
 5.250000 0.453061 
 5.300000 0.452781 
 5.350000 0.451545 
 5.400000 0.448924 
 5.450000 0.444894 
 5.500000 0.439701 
 5.550000 0.433641 
 5.600000 0.426841 
 5.650000 0.419148 
 5.700000 0.410147 
 5.750000 0.399315 
 5.800000 0.386276 
 5.850000 0.371024 
 5.900000 0.354008 
 5.950000 0.336039 
 6.000000 0.318050 
 6.050000 0.300848 
 6.100000 0.284957 
 6.150000 0.270582 
 6.200000 0.257687 
 6.250000 0.246096 
 6.300000 0.235587 
 6.350000 0.225948 
 6.400000 0.217011 
 6.450000 0.208674 
 6.500000 0.200896 
 6.550000 0.193658 
 6.600000 0.186930 
 6.650000 0.180634 
 6.700000 0.174653 
 6.750000 0.168852 
 6.800000 0.163127 
 6.850000 0.157453 
 6.900000 0.151911 
 6.950000 0.146680 
 7.000000 0.141976 
 7.050000 0.137981 
 7.100000 0.134784 
 7.150000 0.132360 
 7.200000 0.130583 
 7.250000 0.129269 
 7.300000 0.128211 
 7.350000 0.127210 
 7.400000 0.126098 
 7.450000 0.124753 
 7.500000 0.123109 
 7.550000 0.121156 
 7.600000 0.118933 
 7.650000 0.116508 
 7.700000 0.113962 
 7.750000 0.111368 
 7.800000 0.108783 
 7.850000 0.106235 
 7.900000 0.103736 
 7.950000 0.101290 
 8.000000 0.098921 
 8.050000 0.096679 
 8.100000 0.094632 
 8.150000 0.092852 
 8.200000 0.091389 
 8.250000 0.090268 
 8.300000 0.089480 
 8.350000 0.088994 
 8.400000 0.088756 
 8.450000 0.088697 
 8.500000 0.088741 
 8.550000 0.088807 
 8.600000 0.088827 
 8.650000 0.088754 
 8.700000 0.088563 
 8.750000 0.088251 
 8.800000 0.087826 
 8.850000 0.087302 
 8.900000 0.086691 
 8.950000 0.086011 
 9.000000 0.085278 
 9.050000 0.084509 
 9.100000 0.083724 
 9.150000 0.082938 
 9.200000 0.082162 
 9.250000 0.081405 
 9.300000 0.080674 
 9.350000 0.079973 
 9.400000 0.079297 
 9.450000 0.078631 
 9.500000 0.077949 
 9.550000 0.077223 
 9.600000 0.076430 
 9.650000 0.075558 
 9.700000 0.074601 
 9.750000 0.073554 
 9.800000 0.072407 
 9.850000 0.071141 
 9.900000 0.069733 
 9.950000 0.068168 
 10.000000 0.066451 
 10.050000 0.064620 
 10.100000 0.062740 
 10.150000 0.060877 
 10.200000 0.059081 
 10.250000 0.057385 
 10.300000 0.055815 
 10.350000 0.054397 
 10.400000 0.053163 
 10.450000 0.052130 
 10.500000 0.051294 
 10.550000 0.050626 
 10.600000 0.050095 
 10.650000 0.049671 
 10.700000 0.049336 
 10.750000 0.049082 
 10.800000 0.048902 
 10.850000 0.048790 
 10.900000 0.048733 
 10.950000 0.048718 
 11.000000 0.048729 
 11.050000 0.048751 
 11.100000 0.048763 
 11.150000 0.048737 
 11.200000 0.048637 
 11.250000 0.048429 
 11.300000 0.048085 
 11.350000 0.047599 
 11.400000 0.046980 
 11.450000 0.046252 
 11.500000 0.045439 
 11.550000 0.044551 
 11.600000 0.043577 
 11.650000 0.042493 
 11.700000 0.041271 
 11.750000 0.039899 
 11.800000 0.038380 
 11.850000 0.036737 
 11.900000 0.035001 
 11.950000 0.033200 
 12.000000 0.031355 
 12.050000 0.029474 
 12.100000 0.027559 
 12.150000 0.025611 
 12.200000 0.023642 
 12.250000 0.021679 
 12.300000 0.019769 
 12.350000 0.017974 
 12.400000 0.016359 
 12.450000 0.014984 
 12.500000 0.013884 
 12.550000 0.013073 
 12.600000 0.012538 
 12.650000 0.012243 
 12.700000 0.012131 
 12.750000 0.012134 
 12.800000 0.012175 
 12.850000 0.012190 
 12.900000 0.012137 
 12.950000 0.012003 
 13.000000 0.011797 
 13.050000 0.011547 
 13.100000 0.011277 
 13.150000 0.011009 
 13.200000 0.010749 
 13.250000 0.010497 
 13.300000 0.010252 
 13.350000 0.010013 
 13.400000 0.009786 
 13.450000 0.009578 
 13.500000 0.009398 
 13.550000 0.009254 
 13.600000 0.009151 
 13.650000 0.009087 
 13.700000 0.009055 
 13.750000 0.009046 
 13.800000 0.009050 
 13.850000 0.009064 
 13.900000 0.009085 
 13.950000 0.009113 
 14.000000 0.009150 
 14.050000 0.009192 
 14.100000 0.009236 
 14.150000 0.009278 
 14.200000 0.009316 
 14.250000 0.009346 
 14.300000 0.009371 
 14.350000 0.009395 
 14.400000 0.009425 
 14.450000 0.009470 
 14.500000 0.009544 
 14.550000 0.009658 
 14.600000 0.009819 
 14.650000 0.010019 
 14.700000 0.010240 
 14.750000 0.010455 
 14.800000 0.010644 
 14.850000 0.010794 
 14.900000 0.010906 
 14.950000 0.010983 
 15.000000 0.011031 
 15.050000 0.011051 
 15.100000 0.011044 
 15.150000 0.011010 
 15.200000 0.010952 
 15.250000 0.010875 
 15.300000 0.010783 
 15.350000 0.010679 
 15.400000 0.010564 
 15.450000 0.010443 
 15.500000 0.010321 
 15.550000 0.010207 
 15.600000 0.010107 
 15.650000 0.010026 
 15.700000 0.009969 
 15.750000 0.009941 
 15.800000 0.009945 
 15.850000 0.009986 
 15.900000 0.010056 
 15.950000 0.010144 
 16.000000 0.010234 
 16.050000 0.010313 
 16.100000 0.010375 
 16.150000 0.010422 
 16.200000 0.010458 
 16.250000 0.010489 
 16.300000 0.010513 
 16.350000 0.010522 
 16.400000 0.010501 
 16.450000 0.010440 
 16.500000 0.010338 
 16.550000 0.010207 
 16.600000 0.010066 
 16.650000 0.009934 
 16.700000 0.009823 
 16.750000 0.009733 
 16.800000 0.009658 
 16.850000 0.009586 
 16.900000 0.009501 
 16.950000 0.009396 
 17.000000 0.009269 
 17.050000 0.009132 
 17.100000 0.008999 
 17.150000 0.008879 
 17.200000 0.008774 
 17.250000 0.008679 
 17.300000 0.008587 
 17.350000 0.008496 
 17.400000 0.008407 
 17.450000 0.008322 
 17.500000 0.008243 
 17.550000 0.008168 
 17.600000 0.008093 
 17.650000 0.008017 
 17.700000 0.007938 
 17.750000 0.007857 
 17.800000 0.007778 
 17.850000 0.007705 
 17.900000 0.007644 
 17.950000 0.007600 
 18.000000 0.007574 
 18.050000 0.007564 
 18.100000 0.007565 
 18.150000 0.007570 
 18.200000 0.007577 
 18.250000 0.007586 
 18.300000 0.007598 
 18.350000 0.007614 
 18.400000 0.007634 
 18.450000 0.007656 
 18.500000 0.007674 
 18.550000 0.007685 
 18.600000 0.007687 
 18.650000 0.007683 
 18.700000 0.007690 
 18.750000 0.007729 
 18.800000 0.007825 
 18.850000 0.007996 
 18.900000 0.008247 
 18.950000 0.008573 
 19.000000 0.008958 
 19.050000 0.009386 
 19.100000 0.009847 
 19.150000 0.010334 
 19.200000 0.010840 
 19.250000 0.011355 
 19.300000 0.011862 
 19.350000 0.012338 
 19.400000 0.012761 
 19.450000 0.013110 
 19.500000 0.013372 
 19.550000 0.013541 
 19.600000 0.013618 
 19.650000 0.013617 
 19.700000 0.013563 
 19.750000 0.013488 
 19.800000 0.013418 
 19.850000 0.013372 
 19.900000 0.013354 
 19.950000 0.013357 
 20.000000 0.013370 
 20.050000 0.013378 
 20.100000 0.013372 
 20.150000 0.013345 
 20.200000 0.013303 
 20.250000 0.013255 
 20.300000 0.013216 
 20.350000 0.013198 
 20.400000 0.013206 
 20.450000 0.013239 
 20.500000 0.013295 
 20.550000 0.013366 
 20.600000 0.013447 
 20.650000 0.013531 
 20.700000 0.013612 
 20.750000 0.013686 
 20.800000 0.013748 
 20.850000 0.013801 
 20.900000 0.013853 
 20.950000 0.013918 
 21.000000 0.014008 
 21.050000 0.014132 
 21.100000 0.014294 
 21.150000 0.014492 
 21.200000 0.014719 
 21.250000 0.014967 
 21.300000 0.015228 
 21.350000 0.015493 
 21.400000 0.015749 
 21.450000 0.015986 
 21.500000 0.016191 
 21.550000 0.016356 
 21.600000 0.016478 
 21.650000 0.016561 
 21.700000 0.016614 
 21.750000 0.016646 
 21.800000 0.016664 
 21.850000 0.016674 
 21.900000 0.016679 
 21.950000 0.016684 
 22.000000 0.016691 
 22.050000 0.016705 
 22.100000 0.016727 
 22.150000 0.016759 
 22.200000 0.016798 
 22.250000 0.016841 
 22.300000 0.016881 
 22.350000 0.016912 
 22.400000 0.016930 
 22.450000 0.016935 
 22.500000 0.016929 
 22.550000 0.016917 
 22.600000 0.016902 
 22.650000 0.016887 
 22.700000 0.016870 
 22.750000 0.016852 
 22.800000 0.016831 
 22.850000 0.016813 
 22.900000 0.016800 
 22.950000 0.016800 
 23.000000 0.016812 
 23.050000 0.016839 
 23.100000 0.016878 
 23.150000 0.016929 
 23.200000 0.016988 
 23.250000 0.017052 
 23.300000 0.017112 
 23.350000 0.017161 
 23.400000 0.017193 
 23.450000 0.017204 
 23.500000 0.017196 
 23.550000 0.017173 
 23.600000 0.017138 
 23.650000 0.017090 
 23.700000 0.017018 
 23.750000 0.016906 
 23.800000 0.016731 
 23.850000 0.016474 
 23.900000 0.016130 
 23.950000 0.015706 
 24.000000 0.015220 
 24.050000 0.014693 
 24.100000 0.014146 
 24.150000 0.013593 
 24.200000 0.013046 
 24.250000 0.012518 
 24.300000 0.012021 
 24.350000 0.011566 
 24.400000 0.011163 
 24.450000 0.010814 
 24.500000 0.010518 
 24.550000 0.010267 
 24.600000 0.010058 
 24.650000 0.009884 
 24.700000 0.009740 
 24.750000 0.009619 
 24.800000 0.009514 
 24.850000 0.009418 
 24.900000 0.009327 
 24.950000 0.009240 
 25.000000 0.009161 
 25.050000 0.009098 
 25.100000 0.009060 
 25.150000 0.009051 
 25.200000 0.009068 
 25.250000 0.009102 
 25.300000 0.009140 
 25.350000 0.009169 
 25.400000 0.009181 
 25.450000 0.009172 
 25.500000 0.009144 
 25.550000 0.009101 
 25.600000 0.009049 
 25.650000 0.008994 
 25.700000 0.008942 
 25.750000 0.008890 
 25.800000 0.008833 
 25.850000 0.008766 
 25.900000 0.008681 
 25.950000 0.008576 
 26.000000 0.008450 
 26.050000 0.008301 
 26.100000 0.008129 
 26.150000 0.007932 
 26.200000 0.007711 
 26.250000 0.007468 
 26.300000 0.007211 
 26.350000 0.006947 
 26.400000 0.006690 
 26.450000 0.006449 
 26.500000 0.006236 
 26.550000 0.006057 
 26.600000 0.005916 
 26.650000 0.005810 
 26.700000 0.005734 
 26.750000 0.005682 
 26.800000 0.005649 
 26.850000 0.005634 
 26.900000 0.005640 
 26.950000 0.005678 
 27.000000 0.005760 
 27.050000 0.005896 
 27.100000 0.006087 
 27.150000 0.006325 
 27.200000 0.006592 
 27.250000 0.006868 
 27.300000 0.007135 
 27.350000 0.007380 
 27.400000 0.007598 
 27.450000 0.007789 
 27.500000 0.007954 
 27.550000 0.008100 
 27.600000 0.008233 
 27.650000 0.008359 
 27.700000 0.008484 
 27.750000 0.008613 
 27.800000 0.008746 
 27.850000 0.008881 
 27.900000 0.009012 
 27.950000 0.009130 
 28.000000 0.009227 
 28.050000 0.009298 
 28.100000 0.009341 
 28.150000 0.009358 
 28.200000 0.009353 
 28.250000 0.009333 
 28.300000 0.009304 
 28.350000 0.009276 
 28.400000 0.009255 
 28.450000 0.009242 
 28.500000 0.009234 
 28.550000 0.009228 
 28.600000 0.009216 
 28.650000 0.009195 
 28.700000 0.009161 
 28.750000 0.009120 
 28.800000 0.009080 
 28.850000 0.009053 
 28.900000 0.009050 
 28.950000 0.009081 
 29.000000 0.009152 
 29.050000 0.009264 
 29.100000 0.009413 
 29.150000 0.009596 
 29.200000 0.009811 
 29.250000 0.010056 
 29.300000 0.010331 
 29.350000 0.010636 
 29.400000 0.010969 
 29.450000 0.011327 
 29.500000 0.011701 
 29.550000 0.012079 
 29.600000 0.012449 
 29.650000 0.012802 
 29.700000 0.013136 
 29.750000 0.013449 
 29.800000 0.013745 
 29.850000 0.014030 
 29.900000 0.014306 
 29.950000 0.014577 
 30.000000 0.014840 
 30.050000 0.015093 
 30.100000 0.015336 
 30.150000 0.015565 
 30.200000 0.015780 
 30.250000 0.015980 
 30.300000 0.016165 
 30.350000 0.016334 
 30.400000 0.016488 
 30.450000 0.016626 
 30.500000 0.016748 
 30.550000 0.016852 
 30.600000 0.016933 
 30.650000 0.016986 
 30.700000 0.017010 
 30.750000 0.017003 
 30.800000 0.016971 
 30.850000 0.016918 
 30.900000 0.016855 
 30.950000 0.016790 
 31.000000 0.016735 
 31.050000 0.016699 
 31.100000 0.016695 
 31.150000 0.016732 
 31.200000 0.016816 
 31.250000 0.016946 
 31.300000 0.017113 
 31.350000 0.017301 
 31.400000 0.017489 
 31.450000 0.017659 
 31.500000 0.017799 
 31.550000 0.017901 
 31.600000 0.017968 
 31.650000 0.018007 
 31.700000 0.018025 
 31.750000 0.018031 
 31.800000 0.018028 
 31.850000 0.018017 
 31.900000 0.017990 
 31.950000 0.017934 
 32.000000 0.017834 
 32.050000 0.017674 
 32.100000 0.017450 
 32.150000 0.017169 
 32.200000 0.016857 
 32.250000 0.016545 
 32.300000 0.016271 
 32.350000 0.016066 
 32.400000 0.015952 
 32.450000 0.015941 
 32.500000 0.016037 
 32.550000 0.016241 
 32.600000 0.016559 
 32.650000 0.017006 
 32.700000 0.017603 
 32.750000 0.018376 
 32.800000 0.019358 
 32.850000 0.020578 
 32.900000 0.022067 
 32.950000 0.023856 
 33.000000 0.025977 
 33.050000 0.028470 
 33.100000 0.031381 
 33.150000 0.034762 
 33.200000 0.038666 
 33.250000 0.043128 
 33.300000 0.048156 
 33.350000 0.053710 
 33.400000 0.059709 
 33.450000 0.066031 
 33.500000 0.072532 
 33.550000 0.079069 
 33.600000 0.085511 
 33.650000 0.091753 
 33.700000 0.097716 
 33.750000 0.103343 
 33.800000 0.108590 
 33.850000 0.113423 
 33.900000 0.117820 
 33.950000 0.121771 
 34.000000 0.125289 
 34.050000 0.128406 
 34.100000 0.131162 
 34.150000 0.133597 
 34.200000 0.135743 
 34.250000 0.137614 
 34.300000 0.139215 
 34.350000 0.140548 
 34.400000 0.141626 
 34.450000 0.142487 
 34.500000 0.143193 
 34.550000 0.143823 
 34.600000 0.144461 
 34.650000 0.145178 
 34.700000 0.146025 
 34.750000 0.147023 
 34.800000 0.148172 
 34.850000 0.149452 
 34.900000 0.150833 
 34.950000 0.152283 
 35.000000 0.153771 
 35.050000 0.155271 
 35.100000 0.156762 
 35.150000 0.158229 
 35.200000 0.159667 
 35.250000 0.161076 
 35.300000 0.162469 
 35.350000 0.163868 
 35.400000 0.165304 
 35.450000 0.166812 
 35.500000 0.168418 
 35.550000 0.170129 
 35.600000 0.171928 
 35.650000 0.173773 
 35.700000 0.175613 
 35.750000 0.177404 
 35.800000 0.179122 
 35.850000 0.180766 
 35.900000 0.182352 
 35.950000 0.183899 
 36.000000 0.185422 
 36.050000 0.186921 
 36.100000 0.188381 
 36.150000 0.189778 
 36.200000 0.191078 
 36.250000 0.192252 
 36.300000 0.193280 
 36.350000 0.194152 
 36.400000 0.194874 
 36.450000 0.195457 
 36.500000 0.195919 
 36.550000 0.196280 
 36.600000 0.196557 
 36.650000 0.196769 
 36.700000 0.196930 
 36.750000 0.197055 
 36.800000 0.197153 
 36.850000 0.197231 
 36.900000 0.197291 
 36.950000 0.197339 
 37.000000 0.197379 
 37.050000 0.197417 
 37.100000 0.197462 
 37.150000 0.197519 
 37.200000 0.197591 
 37.250000 0.197673 
 37.300000 0.197755 
 37.350000 0.197823 
 37.400000 0.197859 
 37.450000 0.197849 
 37.500000 0.197778 
 37.550000 0.197637 
 37.600000 0.197408 
 37.650000 0.197069 
 37.700000 0.196592 
 37.750000 0.195940 
 37.800000 0.195076 
 37.850000 0.193968 
 37.900000 0.192590 
 37.950000 0.190921 
 38.000000 0.188947 
 38.050000 0.186649 
 38.100000 0.184007 
 38.150000 0.181001 
 38.200000 0.177621 
 38.250000 0.173881 
 38.300000 0.169833 
 38.350000 0.165581 
 38.400000 0.161275 
 38.450000 0.157102 
 38.500000 0.153274 
 38.550000 0.150003 
 38.600000 0.147484 
 38.650000 0.145874 
 38.700000 0.145276 
 38.750000 0.145727 
 38.800000 0.147201 
 38.850000 0.149610 
 38.900000 0.152829 
 38.950000 0.156709 
 39.000000 0.161098 
 39.050000 0.165858 
 39.100000 0.170874 
 39.150000 0.176064 
 39.200000 0.181371 
 39.250000 0.186760 
 39.300000 0.192202 
 39.350000 0.197664 
 39.400000 0.203098 
 39.450000 0.208433 
 39.500000 0.213582 
 39.550000 0.218451 
 39.600000 0.222948 
 39.650000 0.226997 
 39.700000 0.230539 
 39.750000 0.233536 
 39.800000 0.235965 
 39.850000 0.237813 
 39.900000 0.239081 
 39.950000 0.239783 
 40.000000 0.239948 
 40.050000 0.239625 
 40.100000 0.238878 
 40.150000 0.237787 
 40.200000 0.236438 
 40.250000 0.234923 
 40.300000 0.233330 
 40.350000 0.231739 
 40.400000 0.230218 
 40.450000 0.228819 
 40.500000 0.227579 
 40.550000 0.226520 
 40.600000 0.225647 
 40.650000 0.224948 
 40.700000 0.224394 
 40.750000 0.223932 
 40.800000 0.223491 
 40.850000 0.222991 
 40.900000 0.222359 
 40.950000 0.221544 
 41.000000 0.220532 
 41.050000 0.219345 
 41.100000 0.218032 
 41.150000 0.216663 
 41.200000 0.215307 
 41.250000 0.214024 
 41.300000 0.212863 
 41.350000 0.211862 
 41.400000 0.211045 
 41.450000 0.210427 
 41.500000 0.210013 
 41.550000 0.209792 
 41.600000 0.209742 
 41.650000 0.209831 
 41.700000 0.210026 
 41.750000 0.210301 
 41.800000 0.210636 
 41.850000 0.211022 
 41.900000 0.211452 
 41.950000 0.211923 
 42.000000 0.212428 
 42.050000 0.212961 
 42.100000 0.213511 
 42.150000 0.214072 
 42.200000 0.214636 
 42.250000 0.215199 
 42.300000 0.215759 
 42.350000 0.216313 
 42.400000 0.216864 
 42.450000 0.217410 
 42.500000 0.217950 
 42.550000 0.218476 
 42.600000 0.218971 
 42.650000 0.219419 
 42.700000 0.219802 
 42.750000 0.220114 
 42.800000 0.220360 
 42.850000 0.220558 
 42.900000 0.220730 
 42.950000 0.220896 
 43.000000 0.221071 
 43.050000 0.221258 
 43.100000 0.221444 
 43.150000 0.221603 
 43.200000 0.221689 
 43.250000 0.221646 
 43.300000 0.221410 
 43.350000 0.220910 
 43.400000 0.220075 
 43.450000 0.218834 
 43.500000 0.217112 
 43.550000 0.214832 
 43.600000 0.211911 
 43.650000 0.208277 
 43.700000 0.203882 
 43.750000 0.198721 
 43.800000 0.192844 
 43.850000 0.186354 
 43.900000 0.179392 
 43.950000 0.172110 
 44.000000 0.164649 
 44.050000 0.157122 
 44.100000 0.149608 
 44.150000 0.142157 
 44.200000 0.134804 
 44.250000 0.127581 
 44.300000 0.120520 
 44.350000 0.113662 
 44.400000 0.107051 
 44.450000 0.100730 
 44.500000 0.094733 
 44.550000 0.089087 
 44.600000 0.083805 
 44.650000 0.078898 
 44.700000 0.074376 
 44.750000 0.070252 
 44.800000 0.066548 
 44.850000 0.063292 
 44.900000 0.060512 
 44.950000 0.058227 
 45.000000 0.056439 
 45.050000 0.055130 
 45.100000 0.054259 
 45.150000 0.053763 
 45.200000 0.053564 
 45.250000 0.053571 
 45.300000 0.053686 
 45.350000 0.053810 
 45.400000 0.053847 
 45.450000 0.053713 
 45.500000 0.053348 
 45.550000 0.052723 
 45.600000 0.051850 
 45.650000 0.050780 
 45.700000 0.049592 
 45.750000 0.048379 
 45.800000 0.047229 
 45.850000 0.046214 
 45.900000 0.045378 
 45.950000 0.044740 
 46.000000 0.044290 
 46.050000 0.043996 
 46.100000 0.043818 
 46.150000 0.043718 
 46.200000 0.043661 
 46.250000 0.043626 
 46.300000 0.043596 
 46.350000 0.043559 
 46.400000 0.043499 
 46.450000 0.043403 
 46.500000 0.043259 
 46.550000 0.043062 
 46.600000 0.042814 
 46.650000 0.042520 
 46.700000 0.042191 
 46.750000 0.041833 
 46.800000 0.041451 
 46.850000 0.041045 
 46.900000 0.040614 
 46.950000 0.040156 
 47.000000 0.039672 
 47.050000 0.039159 
 47.100000 0.038617 
 47.150000 0.038040 
 47.200000 0.037426 
 47.250000 0.036773 
 47.300000 0.036085 
 47.350000 0.035371 
 47.400000 0.034642 
 47.450000 0.033913 
 47.500000 0.033205 
 47.550000 0.032545 
 47.600000 0.031968 
 47.650000 0.031510 
 47.700000 0.031209 
 47.750000 0.031089 
 47.800000 0.031168 
 47.850000 0.031450 
 47.900000 0.031934 
 47.950000 0.032614 
 48.000000 0.033486 
 48.050000 0.034541 
 48.100000 0.035774 
 48.150000 0.037173 
 48.200000 0.038727 
 48.250000 0.040417 
 48.300000 0.042215 
 48.350000 0.044084 
 48.400000 0.045973 
 48.450000 0.047823 
 48.500000 0.049577 
 48.550000 0.051191 
 48.600000 0.052643 
 48.650000 0.053935 
 48.700000 0.055092 
 48.750000 0.056145 
 48.800000 0.057125 
 48.850000 0.058048 
 48.900000 0.058921 
 48.950000 0.059743 
 49.000000 0.060512 
 49.050000 0.061232 
 49.100000 0.061912 
 49.150000 0.062557 
 49.200000 0.063174 
 49.250000 0.063761 
 49.300000 0.064309 
 49.350000 0.064808 
 49.400000 0.065247 
 49.450000 0.065618 
 49.500000 0.065920 
 49.550000 0.066155 
 49.600000 0.066331 
 49.650000 0.066457 
 49.700000 0.066543 
 49.750000 0.066597 
 49.800000 0.066629 
 49.850000 0.066643 
 49.900000 0.066647 
 49.950000 0.066644 
 50.000000 0.066642 
 50.050000 0.066649 
 50.100000 0.066672 
 50.150000 0.066722 
 50.200000 0.066805 
 50.250000 0.066929 
 50.300000 0.067096 
 50.350000 0.067304 
 50.400000 0.067546 
 50.450000 0.067811 
 50.500000 0.068083 
 50.550000 0.068349 
 50.600000 0.068593 
 50.650000 0.068801 
 50.700000 0.068963 
 50.750000 0.069072 
 50.800000 0.069127 
 50.850000 0.069133 
 50.900000 0.069103 
 50.950000 0.069050 
 51.000000 0.068991 
 51.050000 0.068936 
 51.100000 0.068896 
 51.150000 0.068875 
 51.200000 0.068876 
 51.250000 0.068902 
 51.300000 0.068953 
 51.350000 0.069034 
 51.400000 0.069146 
 51.450000 0.069293 
 51.500000 0.069475 
 51.550000 0.069689 
 51.600000 0.069929 
 51.650000 0.070184 
 51.700000 0.070444 
 51.750000 0.070703 
 51.800000 0.070962 
 51.850000 0.071228 
 51.900000 0.071516 
 51.950000 0.071845 
 52.000000 0.072241 
 52.050000 0.072727 
 52.100000 0.073326 
 52.150000 0.074054 
 52.200000 0.074910 
 52.250000 0.075881 
 52.300000 0.076937 
 52.350000 0.078042 
 52.400000 0.079156 
 52.450000 0.080246 
 52.500000 0.081284 
 52.550000 0.082253 
 52.600000 0.083138 
 52.650000 0.083927 
 52.700000 0.084613 
 52.750000 0.085182 
 52.800000 0.085619 
 52.850000 0.085892 
 52.900000 0.085962 
 52.950000 0.085773 
 53.000000 0.085271 
 53.050000 0.084410 
 53.100000 0.083164 
 53.150000 0.081534 
 53.200000 0.079550 
 53.250000 0.077264 
 53.300000 0.074742 
 53.350000 0.072059 
 53.400000 0.069290 
 53.450000 0.066506 
 53.500000 0.063774 
 53.550000 0.061146 
 53.600000 0.058659 
 53.650000 0.056333 
 53.700000 0.054169 
 53.750000 0.052159 
 53.800000 0.050293 
 53.850000 0.048562 
 53.900000 0.046960 
 53.950000 0.045484 
 54.000000 0.044128 
 54.050000 0.042882 
 54.100000 0.041732 
 54.150000 0.040663 
 54.200000 0.039662 
 54.250000 0.038724 
 54.300000 0.037848 
 54.350000 0.037044 
 54.400000 0.036319 
 54.450000 0.035683 
 54.500000 0.035141 
 54.550000 0.034695 
 54.600000 0.034343 
 54.650000 0.034084 
 54.700000 0.033917 
 54.750000 0.033842 
 54.800000 0.033859 
 54.850000 0.033971 
 54.900000 0.034176 
 54.950000 0.034465 
 55.000000 0.034820 
 55.050000 0.035214 
 55.100000 0.035613 
 55.150000 0.035979 
 55.200000 0.036278 
 55.250000 0.036484 
 55.300000 0.036579 
 55.350000 0.036557 
 55.400000 0.036426 
 55.450000 0.036203 
 55.500000 0.035914 
 55.550000 0.035587 
 55.600000 0.035250 
 55.650000 0.034928 
 55.700000 0.034640 
 55.750000 0.034402 
 55.800000 0.034224 
 55.850000 0.034114 
 55.900000 0.034076 
 55.950000 0.034108 
 56.000000 0.034206 
 56.050000 0.034358 
 56.100000 0.034548 
 56.150000 0.034758 
 56.200000 0.034967 
 56.250000 0.035152 
 56.300000 0.035293 
 56.350000 0.035375 
 56.400000 0.035388 
 56.450000 0.035327 
 56.500000 0.035196 
 56.550000 0.035004 
 56.600000 0.034765 
 56.650000 0.034496 
 56.700000 0.034212 
 56.750000 0.033921 
 56.800000 0.033625 
 56.850000 0.033319 
 56.900000 0.032990 
 56.950000 0.032622 
 57.000000 0.032194 
 57.050000 0.031682 
 57.100000 0.031068 
 57.150000 0.030339 
 57.200000 0.029492 
 57.250000 0.028538 
 57.300000 0.027499 
 57.350000 0.026405 
 57.400000 0.025283 
 57.450000 0.024160 
 57.500000 0.023050 
 57.550000 0.021964 
 57.600000 0.020887 
 57.650000 0.019827 
 57.700000 0.018776 
 57.750000 0.017727 
 57.800000 0.016678 
 57.850000 0.015642 
 57.900000 0.014639 
 57.950000 0.013704 
 58.000000 0.012872 
 58.050000 0.012177 
 58.100000 0.011638 
 58.150000 0.011255 
 58.200000 0.011010 
 58.250000 0.010871 
 58.300000 0.010802 
 58.350000 0.010769 
 58.400000 0.010750 
 58.450000 0.010732 
 58.500000 0.010713 
 58.550000 0.010696 
 58.600000 0.010681 
 58.650000 0.010671 
 58.700000 0.010665 
 58.750000 0.010661 
 58.800000 0.010659 
 58.850000 0.010658 
 58.900000 0.010656 
 58.950000 0.010655 
 59.000000 0.010653 
 59.050000 0.010651 
 59.100000 0.010647 
 59.150000 0.010642 
 59.200000 0.010635 
 59.250000 0.010624 
 59.300000 0.010607 
 59.350000 0.010582 
 59.400000 0.010548 
 59.450000 0.010504 
 59.500000 0.010447 
 59.550000 0.010376 
 59.600000 0.010285 
 59.650000 0.010169 
 59.700000 0.010018 
 59.750000 0.009823 
 59.800000 0.009575 
 59.850000 0.009265 
 59.900000 0.008888 
 59.950000 0.008443 
 60.000000 0.007940 
 60.050000 0.007395 