
 0.050000 0.000128 
 0.100000 0.000148 
 0.150000 0.000175 
 0.200000 0.000205 
 0.250000 0.000222 
 0.300000 0.000215 
 0.350000 0.000193 
 0.400000 0.000174 
 0.450000 0.000163 
 0.500000 0.000160 
 0.550000 0.000167 
 0.600000 0.000168 
 0.650000 0.000144 
 0.700000 0.000106 
 0.750000 0.000083 
 0.800000 0.000074 
 0.850000 0.000060 
 0.900000 0.000033 
 0.950000 0.000009 
 1.000000 0.000003 
 1.050000 0.000009 
 1.100000 0.000016 
 1.150000 0.000033 
 1.200000 0.000068 
 1.250000 0.000109 
 1.300000 0.000123 
 1.350000 0.000110 
 1.400000 0.000093 
 1.450000 0.000080 
 1.500000 0.000074 
 1.550000 0.000073 
 1.600000 0.000080 
 1.650000 0.000090 
 1.700000 0.000084 
 1.750000 0.000058 
 1.800000 0.000035 
 1.850000 0.000027 
 1.900000 0.000027 
 1.950000 0.000022 
 2.000000 0.000017 
 2.050000 0.000017 
 2.100000 0.000019 
 2.150000 0.000018 
 2.200000 0.000017 
 2.250000 0.000022 
 2.300000 0.000029 
 2.350000 0.000039 
 2.400000 0.000064 
 2.450000 0.000104 
 2.500000 0.000127 
 2.550000 0.000116 
 2.600000 0.000113 
 2.650000 0.000147 
 2.700000 0.000195 
 2.750000 0.000200 
 2.800000 0.000171 
 2.850000 0.000161 
 2.900000 0.000172 
 2.950000 0.000175 
 3.000000 0.000163 
 3.050000 0.000151 
 3.100000 0.000139 
 3.150000 0.000119 
 3.200000 0.000090 
 3.250000 0.000056 
 3.300000 0.000025 
 3.350000 0.000006 
 3.400000 0.000001 
 3.450000 0.000004 
 3.500000 0.000011 
 3.550000 0.000023 
 3.600000 0.000045 
 3.650000 0.000075 
 3.700000 0.000105 
 3.750000 0.000143 
 3.800000 0.000196 
 3.850000 0.000249 
 3.900000 0.000280 
 3.950000 0.000316 
 4.000000 0.000382 
 4.050000 0.000460 
 4.100000 0.000523 
 4.150000 0.000576 
 4.200000 0.000626 
 4.250000 0.000665 
 4.300000 0.000689 
 4.350000 0.000699 
 4.400000 0.000684 
 4.450000 0.000628 
 4.500000 0.000556 
 4.550000 0.000487 
 4.600000 0.000402 
 4.650000 0.000283 
 4.700000 0.000167 
 4.750000 0.000088 
 4.800000 0.000035 
 4.850000 0.000004 
 4.900000 0.000004 
 4.950000 0.000022 
 5.000000 0.000061 
 5.050000 0.000138 
 5.100000 0.000229 
 5.150000 0.000284 
 5.200000 0.000303 
 5.250000 0.000319 
 5.300000 0.000340 
 5.350000 0.000333 
 5.400000 0.000290 
 5.450000 0.000243 
 5.500000 0.000219 
 5.550000 0.000203 
 5.600000 0.000186 
 5.650000 0.000179 
 5.700000 0.000182 
 5.750000 0.000180 
 5.800000 0.000177 
 5.850000 0.000181 
 5.900000 0.000175 
 5.950000 0.000151 
 6.000000 0.000132 
 6.050000 0.000132 
 6.100000 0.000132 
 6.150000 0.000121 
 6.200000 0.000116 
 6.250000 0.000122 
 6.300000 0.000112 
 6.350000 0.000074 
 6.400000 0.000042 
 6.450000 0.000030 
 6.500000 0.000025 
 6.550000 0.000013 
 6.600000 0.000006 
 6.650000 0.000005 
 6.700000 0.000006 
 6.750000 0.000003 
 6.800000 0.000009 
 6.850000 0.000015 
 6.900000 0.000013 
 6.950000 0.000015 
 7.000000 0.000030 
 7.050000 0.000047 
 7.100000 0.000038 
 7.150000 0.000022 
 7.200000 0.000022 
 7.250000 0.000038 
 7.300000 0.000061 
 7.350000 0.000072 
 7.400000 0.000064 
 7.450000 0.000054 
 7.500000 0.000065 
 7.550000 0.000108 
 7.600000 0.000154 
 7.650000 0.000169 
 7.700000 0.000183 
 7.750000 0.000232 
 7.800000 0.000299 
 7.850000 0.000355 
 7.900000 0.000401 
 7.950000 0.000452 
 8.000000 0.000510 
 8.050000 0.000559 
 8.100000 0.000544 
 8.150000 0.000442 
 8.200000 0.000337 
 8.250000 0.000290 
 8.300000 0.000264 
 8.350000 0.000203 
 8.400000 0.000126 
 8.450000 0.000072 
 8.500000 0.000042 
 8.550000 0.000024 
 8.600000 0.000010 
 8.650000 0.000003 
 8.700000 0.000021 
 8.750000 0.000058 
 8.800000 0.000099 
 8.850000 0.000153 
 8.900000 0.000226 
 8.950000 0.000318 
 9.000000 0.000434 
 9.050000 0.000550 
 9.100000 0.000600 
 9.150000 0.000589 
 9.200000 0.000619 
 9.250000 0.000722 
 9.300000 0.000818 
 9.350000 0.000822 
 9.400000 0.000724 
 9.450000 0.000573 
 9.500000 0.000439 
 9.550000 0.000355 
 9.600000 0.000297 
 9.650000 0.000236 
 9.700000 0.000180 
 9.750000 0.000143 
 9.800000 0.000105 
 9.850000 0.000062 
 9.900000 0.000035 
 9.950000 0.000026 
 10.000000 0.000024 
 10.050000 0.000026 
 10.100000 0.000033 
 10.150000 0.000044 
 10.200000 0.000058 
 10.250000 0.000061 
 10.300000 0.000047 
 10.350000 0.000037 
 10.400000 0.000037 
 10.450000 0.000040 
 10.500000 0.000042 
 10.550000 0.000055 
 10.600000 0.000083 
 10.650000 0.000109 
 10.700000 0.000110 
 10.750000 0.000089 
 10.800000 0.000072 
 10.850000 0.000071 
 10.900000 0.000069 
 10.950000 0.000057 
 11.000000 0.000049 
 11.050000 0.000057 
 11.100000 0.000062 
 11.150000 0.000046 
 11.200000 0.000044 
 11.250000 0.000095 
 11.300000 0.000176 
 11.350000 0.000198 
 11.400000 0.000180 
 11.450000 0.000184 
 11.500000 0.000210 
 11.550000 0.000233 
 11.600000 0.000257 
 11.650000 0.000300 
 11.700000 0.000353 
 11.750000 0.000400 
 11.800000 0.000434 
 11.850000 0.000462 
 11.900000 0.000498 
 11.950000 0.000551 
 12.000000 0.000613 
 12.050000 0.000656 
 12.100000 0.000684 
 12.150000 0.000741 
 12.200000 0.000820 
 12.250000 0.000881 
 12.300000 0.000914 
 12.350000 0.000978 
 12.400000 0.001122 
 12.450000 0.001308 
 12.500000 0.001494 
 12.550000 0.001653 
 12.600000 0.001772 
 12.650000 0.001923 
 12.700000 0.002195 
 12.750000 0.002576 
 12.800000 0.002920 
 12.850000 0.003129 
 12.900000 0.003306 
 12.950000 0.003593 
 13.000000 0.003977 
 13.050000 0.004225 
 13.100000 0.004207 
 13.150000 0.004190 
 13.200000 0.004355 
 13.250000 0.004416 
 13.300000 0.004181 
 13.350000 0.003939 
 13.400000 0.003822 
 13.450000 0.003593 
 13.500000 0.003229 
 13.550000 0.002932 
 13.600000 0.002661 
 13.650000 0.002315 
 13.700000 0.002035 
 13.750000 0.001900 
 13.800000 0.001797 
 13.850000 0.001742 
 13.900000 0.001865 
 13.950000 0.002130 
 14.000000 0.002475 
 14.050000 0.002904 
 14.100000 0.003402 
 14.150000 0.003988 
 14.200000 0.004720 
 14.250000 0.005597 
 14.300000 0.006535 
 14.350000 0.007470 
 14.400000 0.008482 
 14.450000 0.009671 
 14.500000 0.011056 
 14.550000 0.012766 
 14.600000 0.014761 
 14.650000 0.016808 
 14.700000 0.018878 
 14.750000 0.021177 
 14.800000 0.024242 
 14.850000 0.028802 
 14.900000 0.034517 
 14.950000 0.038903 
 15.000000 0.039586 
 15.050000 0.037460 
 15.100000 0.035675 
 15.150000 0.036969 
 15.200000 0.042691 
 15.250000 0.051736 
 15.300000 0.059642 
 15.350000 0.061754 
 15.400000 0.058566 
 15.450000 0.055638 
 15.500000 0.057682 
 15.550000 0.064038 
 15.600000 0.069047 
 15.650000 0.068059 
 15.700000 0.062522 
 15.750000 0.055029 
 15.800000 0.044906 
 15.850000 0.032006 
 15.900000 0.019668 
 15.950000 0.011043 
 16.000000 0.006171 
 16.050000 0.003074 
 16.100000 0.001404 
 16.150000 0.002612 
 16.200000 0.010194 
 16.250000 0.031698 
 16.300000 0.073494 
 16.350000 0.138006 
 16.400000 0.230742 
 16.450000 0.364612 
 16.500000 0.544155 
 16.550000 0.737588 
 16.600000 0.892453 
 16.650000 0.993059 
 16.700000 1.056200 
 16.750000 1.075783 
 16.800000 1.029080 
 16.850000 0.930894 
 16.900000 0.818955 
 16.950000 0.696636 
 17.000000 0.545675 
 17.050000 0.386026 
 17.100000 0.279435 
 17.150000 0.268402 
 17.200000 0.329012 
 17.250000 0.419978 
 17.300000 0.554779 
 17.350000 0.750025 
 17.400000 0.950283 
 17.450000 1.074127 
 17.500000 1.090622 
 17.550000 1.004526 
 17.600000 0.863410 
 17.650000 0.753284 
 17.700000 0.718196 
 17.750000 0.760347 
 17.800000 0.880822 
 17.850000 1.031309 
 17.900000 1.079809 
 17.950000 0.955720 
 18.000000 0.760127 
 18.050000 0.614165 
 18.100000 0.538936 
 18.150000 0.512034 
 18.200000 0.550883 
 18.250000 0.685943 
 18.300000 0.875527 
 18.350000 1.019064 
 18.400000 1.045576 
 18.450000 0.956625 
 18.500000 0.804191 
 18.550000 0.650142 
 18.600000 0.526029 
 18.650000 0.426681 
 18.700000 0.342323 
 18.750000 0.280652 
 18.800000 0.270238 
 18.850000 0.340632 
 18.900000 0.497823 
 18.950000 0.725254 
 19.000000 0.981141 
 19.050000 1.183677 
 19.100000 1.273561 
 19.150000 1.302067 
 19.200000 1.354682 
 19.250000 1.424423 
 19.300000 1.437756 
 19.350000 1.358640 
 19.400000 1.217429 
 19.450000 1.066983 
 19.500000 0.937287 
 19.550000 0.827684 
 19.600000 0.728382 
 19.650000 0.645038 
 19.700000 0.588629 
 19.750000 0.543163 
 19.800000 0.484452 
 19.850000 0.419632 
 19.900000 0.363347 
 19.950000 0.300906 
 20.000000 0.218247 
 20.050000 0.134732 
 20.100000 0.071695 
 20.150000 0.033989 
 20.200000 0.021835 
 20.250000 0.033712 
 20.300000 0.066915 
 20.350000 0.122302 
 20.400000 0.202136 
 20.450000 0.300768 
 20.500000 0.400763 
 20.550000 0.486554 
 20.600000 0.561840 
 20.650000 0.639480 
 20.700000 0.721608 
 20.750000 0.801254 
 20.800000 0.878198 
 20.850000 0.962294 
 20.900000 1.052128 
 20.950000 1.115083 
 21.000000 1.109057 
 21.050000 1.027201 
 21.100000 0.897687 
 21.150000 0.749497 
 21.200000 0.603446 
 21.250000 0.475329 
 21.300000 0.366807 
 21.350000 0.267162 
 21.400000 0.173209 
 21.450000 0.095415 
 21.500000 0.043501 
 21.550000 0.016695 
 21.600000 0.005578 
 21.650000 0.001614 
 21.700000 0.001446 
 21.750000 0.002886 
 21.800000 0.005139 
 21.850000 0.009267 
 21.900000 0.016529 
 21.950000 0.024339 
 22.000000 0.030185 
 22.050000 0.036354 
 22.100000 0.045495 
 22.150000 0.057947 
 22.200000 0.072419 
 22.250000 0.086586 
 22.300000 0.097236 
 22.350000 0.108070 
 22.400000 0.125664 
 22.450000 0.135326 
 22.500000 0.120102 
 22.550000 0.099312 
 22.600000 0.093872 
 22.650000 0.096963 
 22.700000 0.095469 
 22.750000 0.096419 
 22.800000 0.109230 
 22.850000 0.119765 
 22.900000 0.109243 
 22.950000 0.090389 
 23.000000 0.087019 
 23.050000 0.106183 
 23.100000 0.141218 
 23.150000 0.179986 
 23.200000 0.208606 
 23.250000 0.214361 
 23.300000 0.197247 
 23.350000 0.171890 
 23.400000 0.153845 
 23.450000 0.150752 
 23.500000 0.161215 
 23.550000 0.174233 
 23.600000 0.174370 
 23.650000 0.155715 
 23.700000 0.124217 
 23.750000 0.087410 
 23.800000 0.052115 
 23.850000 0.024944 
 23.900000 0.008925 
 23.950000 0.004055 
 24.000000 0.009784 
 24.050000 0.023881 
 24.100000 0.040000 
 24.150000 0.052666 
 24.200000 0.063732 
 24.250000 0.077571 
 24.300000 0.094881 
 24.350000 0.115905 
 24.400000 0.139510 
 24.450000 0.156696 
 24.500000 0.157504 
 24.550000 0.143961 
 24.600000 0.127891 
 24.650000 0.117906 
 24.700000 0.113930 
 24.750000 0.113381 
 24.800000 0.119572 
 24.850000 0.138022 
 24.900000 0.163056 
 24.950000 0.176440 
 25.000000 0.172399 
 25.050000 0.170716 
 25.100000 0.189978 
 25.150000 0.224227 
 25.200000 0.243717 
 25.250000 0.225086 
 25.300000 0.182200 
 25.350000 0.145601 
 25.400000 0.125836 
 25.450000 0.114130 
 25.500000 0.101086 
 25.550000 0.082191 
 25.600000 0.054295 
 25.650000 0.024003 
 25.700000 0.006982 
 25.750000 0.006088 
 25.800000 0.012177 
 25.850000 0.022939 
 25.900000 0.041577 
 25.950000 0.064847 
 26.000000 0.085278 
 26.050000 0.106209 
 26.100000 0.135750 
 26.150000 0.165738 
 26.200000 0.177943 
 26.250000 0.169727 
 26.300000 0.151574 
 26.350000 0.132084 
 26.400000 0.116674 
 26.450000 0.108136 
 26.500000 0.105955 
 26.550000 0.105881 
 26.600000 0.099953 
 26.650000 0.083507 
 26.700000 0.063380 
 26.750000 0.048937 
 26.800000 0.039402 
 26.850000 0.029469 
 26.900000 0.020929 
 26.950000 0.018703 
 27.000000 0.021645 
 27.050000 0.022315 
 27.100000 0.017219 
 27.150000 0.011585 
 27.200000 0.008782 
 27.250000 0.007597 
 27.300000 0.006433 
 27.350000 0.005054 
 27.400000 0.003744 
 27.450000 0.002735 
 27.500000 0.001970 
 27.550000 0.001337 
 27.600000 0.002046 
 27.650000 0.003645 
 27.700000 0.003385 
 27.750000 0.003541 
 27.800000 0.004688 
 27.850000 0.004895 
 27.900000 0.006235 
 27.950000 0.012256 
 28.000000 0.025342 
 28.050000 0.041548 
 28.100000 0.052092 
 28.150000 0.054826 
 28.200000 0.053113 
 28.250000 0.047993 
 28.300000 0.039690 
 28.350000 0.031930 
 28.400000 0.028513 
 28.450000 0.028167 
 28.500000 0.027185 
 28.550000 0.025446 
 28.600000 0.025109 
 28.650000 0.025656 
 28.700000 0.024757 
 28.750000 0.020804 
 28.800000 0.015112 
 28.850000 0.011321 
 28.900000 0.010644 
 28.950000 0.012021 
 29.000000 0.012447 
 29.050000 0.010176 
 29.100000 0.007921 
 29.150000 0.008397 
 29.200000 0.010676 
 29.250000 0.011426 
 29.300000 0.010131 
 29.350000 0.009291 
 29.400000 0.009856 
 29.450000 0.009431 
 29.500000 0.006172 
 29.550000 0.002821 
 29.600000 0.002012 
 29.650000 0.003280 
 29.700000 0.005732 
 29.750000 0.008216 
 29.800000 0.009917 
 29.850000 0.011873 
 29.900000 0.014129 
 29.950000 0.013086 
 30.000000 0.007976 
 30.050000 0.003923 
 30.100000 0.003207 
 30.150000 0.005179 
 30.200000 0.007679 
 30.250000 0.009513 
 30.300000 0.013056 
 30.350000 0.019693 
 30.400000 0.025661 
 30.450000 0.026559 
 30.500000 0.024306 
 30.550000 0.022705 
 30.600000 0.022484 
 30.650000 0.022140 
 30.700000 0.020041 
 30.750000 0.016500 
 30.800000 0.012568 
 30.850000 0.008534 
 30.900000 0.004693 
 30.950000 0.002037 
 31.000000 0.000971 
 31.050000 0.000799 
 31.100000 0.000946 
 31.150000 0.001438 
 31.200000 0.001581 
 31.250000 0.001413 
 31.300000 0.001306 
 31.350000 0.000592 
 31.400000 0.000762 
 31.450000 0.000849 
 31.500000 0.001036 
 31.550000 0.002672 
 31.600000 0.005667 
 31.650000 0.007570 
 31.700000 0.008252 
 31.750000 0.009276 
 31.800000 0.010624 
 31.850000 0.012102 
 31.900000 0.013818 
 31.950000 0.014366 
 32.000000 0.012788 
 32.050000 0.011129 
 32.100000 0.010469 
 32.150000 0.009642 
 32.200000 0.007587 
 32.250000 0.005411 
 32.300000 0.004361 
 32.350000 0.004042 
 32.400000 0.003762 
 32.450000 0.003775 
 32.500000 0.004064 
 32.550000 0.003867 
 32.600000 0.003116 
 32.650000 0.002399 
 32.700000 0.002019 
 32.750000 0.003052 
 32.800000 0.007056 
 32.850000 0.012067 
 32.900000 0.014902 
 32.950000 0.015830 
 33.000000 0.015272 
 33.050000 0.012895 
 33.100000 0.009300 
 33.150000 0.006301 
 33.200000 0.004523 
 33.250000 0.003095 
 33.300000 0.001966 
 33.350000 0.001549 
 33.400000 0.001710 
 33.450000 0.002341 
 33.500000 0.003598 
 33.550000 0.004980 
 33.600000 0.004864 
 33.650000 0.002904 
 33.700000 0.000964 
 33.750000 0.000153 
 33.800000 0.000079 
 33.850000 0.000189 
 33.900000 0.000254 
 33.950000 0.000440 
 34.000000 0.000763 
 34.050000 0.000844 
 34.100000 0.000514 
 34.150000 0.000292 
 34.200000 0.000863 
 34.250000 0.002188 
 34.300000 0.003369 
 34.350000 0.002954 
 34.400000 0.002014 
 34.450000 0.001686 
 34.500000 0.000901 
 34.550000 0.000254 
 34.600000 0.000238 
 34.650000 0.000970 
 34.700000 0.002672 
 34.750000 0.003987 
 34.800000 0.003451 
 34.850000 0.001966 
 34.900000 0.001042 
 34.950000 0.000646 
 35.000000 0.000393 
 35.050000 0.001106 
 35.100000 0.004409 
 35.150000 0.010952 
 35.200000 0.018412 
 35.250000 0.023204 
 35.300000 0.025676 
 35.350000 0.028153 
 35.400000 0.029357 
 35.450000 0.026684 
 35.500000 0.021220 
 35.550000 0.015158 
 35.600000 0.009585 
 35.650000 0.006005 
 35.700000 0.005188 
 35.750000 0.006338 
 35.800000 0.008890 
 35.850000 0.012903 
 35.900000 0.017840 
 35.950000 0.021761 
 36.000000 0.022034 
 36.050000 0.017309 
 36.100000 0.009968 
 36.150000 0.004598 
 36.200000 0.002016 
 36.250000 0.000717 
 36.300000 0.000246 
 36.350000 0.001463 
 36.400000 0.003844 
 36.450000 0.005490 
 36.500000 0.007106 
 36.550000 0.010169 
 36.600000 0.014725 
 36.650000 0.019091 
 36.700000 0.022107 
 36.750000 0.024307 
 36.800000 0.026008 
 36.850000 0.026947 
 36.900000 0.028689 
 36.950000 0.034293 
 37.000000 0.042906 
 37.050000 0.048774 
 37.100000 0.050656 
 37.150000 0.053571 
 37.200000 0.059243 
 37.250000 0.060738 
 37.300000 0.052362 
 37.350000 0.039331 
 37.400000 0.028633 
 37.450000 0.020786 
 37.500000 0.013725 
 37.550000 0.007795 
 37.600000 0.004452 
 37.650000 0.003683 
 37.700000 0.004587 
 37.750000 0.006326 
 37.800000 0.007867 
 37.850000 0.008447 
 37.900000 0.008470 
 37.950000 0.008430 
 38.000000 0.007245 
 38.050000 0.004561 
 38.100000 0.002581 
 38.150000 0.002261 
 38.200000 0.002536 
 38.250000 0.002521 
 38.300000 0.002244 
 38.350000 0.002515 
 38.400000 0.004386 
 38.450000 0.007947 
 38.500000 0.010740 
 38.550000 0.011061 
 38.600000 0.010706 
 38.650000 0.011040 
 38.700000 0.010644 
 38.750000 0.008288 
 38.800000 0.005672 
 38.850000 0.004420 
 38.900000 0.004309 
 38.950000 0.004707 
 39.000000 0.005979 
 39.050000 0.009502 
 39.100000 0.015585 
 39.150000 0.022365 
 39.200000 0.029630 
 39.250000 0.040133 
 39.300000 0.053065 
 39.350000 0.061604 
 39.400000 0.062600 
 39.450000 0.059637 
 39.500000 0.053416 
 39.550000 0.041762 
 39.600000 0.027560 
 39.650000 0.015865 
 39.700000 0.007787 
 39.750000 0.002910 
 39.800000 0.000856 
 39.850000 0.000255 
 39.900000 0.000302 
 39.950000 0.001594 
 40.000000 0.004046 
 40.050000 0.005468 
 40.100000 0.005399 
 40.150000 0.005636 
 40.200000 0.007128 
 40.250000 0.009513 
 40.300000 0.012188 
 40.350000 0.015012 
 40.400000 0.017986 
 40.450000 0.021238 
 40.500000 0.024777 
 40.550000 0.027750 
 40.600000 0.029286 
 40.650000 0.029286 
 40.700000 0.027373 
 40.750000 0.023515 
 40.800000 0.019376 
 40.850000 0.016059 
 40.900000 0.012393 
 40.950000 0.007613 
 41.000000 0.003349 
 41.050000 0.000978 
 41.100000 0.000231 
 41.150000 0.000290 
 41.200000 0.000494 
 41.250000 0.000849 
 41.300000 0.001841 
 41.350000 0.003188 
 41.400000 0.003657 
 41.450000 0.003687 
 41.500000 0.004428 
 41.550000 0.005048 
 41.600000 0.004240 
 41.650000 0.003397 
 41.700000 0.003649 
 41.750000 0.003852 
 41.800000 0.002691 
 41.850000 0.001207 
 41.900000 0.000519 
 41.950000 0.000357 
 42.000000 0.000359 
 42.050000 0.000399 
 42.100000 0.000592 
 42.150000 0.001085 
 42.200000 0.001373 
 42.250000 0.001134 
 42.300000 0.000677 
 42.350000 0.000212 
 42.400000 0.000153 
 42.450000 0.000694 
 42.500000 0.000844 
 42.550000 0.000545 
 42.600000 0.000596 
 42.650000 0.000900 
 42.700000 0.001423 
 42.750000 0.003092 
 42.800000 0.006854 
 42.850000 0.010445 
 42.900000 0.011986 
 42.950000 0.013592 
 43.000000 0.017271 
 43.050000 0.021891 
 43.100000 0.024211 
 43.150000 0.022524 
 43.200000 0.018158 
 43.250000 0.013877 
 43.300000 0.011219 
 43.350000 0.009169 
 43.400000 0.006120 
 43.450000 0.003123 
 43.500000 0.002426 
 43.550000 0.004228 
 43.600000 0.008095 
 43.650000 0.013281 
 43.700000 0.017712 
 43.750000 0.020664 
 43.800000 0.023845 
 43.850000 0.027529 
 43.900000 0.028867 
 43.950000 0.026318 
 44.000000 0.022112 
 44.050000 0.018348 
 44.100000 0.015321 
 44.150000 0.013181 
 44.200000 0.011874 
 44.250000 0.010557 
 44.300000 0.009211 
 44.350000 0.008955 
 44.400000 0.009977 
 44.450000 0.010910 
 44.500000 0.010816 
 44.550000 0.010386 
 44.600000 0.009046 
 44.650000 0.005333 
 44.700000 0.001801 
 44.750000 0.001899 
 44.800000 0.004779 
 44.850000 0.009606 
 44.900000 0.016216 
 44.950000 0.021543 
 45.000000 0.022931 
 45.050000 0.021984 
 45.100000 0.020823 
 45.150000 0.019895 
 45.200000 0.019541 
 45.250000 0.020088 
 45.300000 0.020825 
 45.350000 0.020813 
 45.400000 0.020037 
 45.450000 0.018750 
 45.500000 0.017044 
 45.550000 0.015275 
 45.600000 0.013509 
 45.650000 0.011161 
 45.700000 0.008175 
 45.750000 0.005324 
 45.800000 0.003024 
 45.850000 0.001403 
 45.900000 0.001012 
 45.950000 0.002048 
 46.000000 0.003504 
 46.050000 0.004474 
 46.100000 0.005336 
 46.150000 0.006661 
 46.200000 0.008548 
 46.250000 0.011385 
 46.300000 0.015819 
 46.350000 0.021047 
 46.400000 0.024331 
 46.450000 0.024255 
 46.500000 0.022111 
 46.550000 0.018862 
 46.600000 0.014534 
 46.650000 0.010218 
 46.700000 0.007096 
 46.750000 0.004915 
 46.800000 0.003143 
 46.850000 0.001789 
 46.900000 0.001040 
 46.950000 0.000799 
 47.000000 0.000684 
 47.050000 0.000340 
 47.100000 0.000049 
 47.150000 0.000104 
 47.200000 0.000266 
 47.250000 0.000674 
 47.300000 0.001371 
 47.350000 0.002202 
 47.400000 0.003569 
 47.450000 0.006174 
 47.500000 0.008812 
 47.550000 0.009424 
 47.600000 0.008872 
 47.650000 0.008271 
 47.700000 0.007151 
 47.750000 0.005662 
 47.800000 0.004854 
 47.850000 0.004615 
 47.900000 0.004574 
 47.950000 0.004835 
 48.000000 0.005423 
 48.050000 0.005910 
 48.100000 0.005753 
 48.150000 0.004982 
 48.200000 0.003923 
 48.250000 0.002715 
 48.300000 0.001755 
 48.350000 0.001609 
 48.400000 0.002120 
 48.450000 0.002386 
 48.500000 0.002005 
 48.550000 0.001682 
 48.600000 0.001666 
 48.650000 0.001454 
 48.700000 0.000912 
 48.750000 0.001019 
 48.800000 0.001765 
 48.850000 0.002678 
 48.900000 0.003589 
 48.950000 0.004071 
 49.000000 0.004322 
 49.050000 0.006014 
 49.100000 0.010988 
 49.150000 0.018007 
 49.200000 0.023426 
 49.250000 0.027614 
 49.300000 0.032802 
 49.350000 0.037384 
 49.400000 0.037981 
 49.450000 0.035180 
 49.500000 0.032954 
 49.550000 0.034235 
 49.600000 0.039128 
 49.650000 0.045475 
 49.700000 0.051400 
 49.750000 0.057310 
 49.800000 0.063674 
 49.850000 0.068401 
 49.900000 0.069047 
 49.950000 0.066560 
 50.000000 0.064177 