    -30.4183006
    -23.6660004
    -32.8101997
    -30.6147003
    -31.5375004
    -35.3149986
    -13.9574003
    -20.0876007
    -25.3691006
    -30.7789993
    -22.6429996
    -33.4305992
    -12.6869001
    -15.6768999
    -31.5200005
    -67.6039963
    -26.6375999
    -42.4417000
    -29.0678997
    -12.8436003
    -31.9783001
    -21.5725002
    -21.5767002
    -21.5627995
    -21.5781002
    -21.5688992
    -21.5548000
    -21.5932999
    -21.5335999
    -21.5625000
    -21.6215000
    -21.4547005
    -21.6173000
    -21.6431999
    -20.5576992
    -26.5837002
    -33.8293991
    -31.8768997
    -37.5713997
    -19.9594002
    -19.9428005
    -19.9230003
    -19.9036007
    -19.8782005
    -19.8549995
    -19.9552002
    -19.8139000
    -19.7914009
    -19.9242992
    -19.9253998
    -19.9587002
    -19.9619007
    -19.9426003
    -19.9468994
    -19.9484997
    -19.9503002
    -19.9521999
    -19.9542007
    -19.9552002
    -19.9557991
    -25.0375004
    -10.4500999
    -10.4806995
