    151.6293030
    133.9040070
    136.0588074
    116.7090988
    145.6916046
    149.3632965
    143.1748962
    146.2500000
    151.0816956
    128.0590057
    114.2340012
    138.9217072
    132.4727020
    128.7626953
    159.0612946
     62.8709984
    118.6135025
    147.1903076
    116.0402985
    131.1327057
    116.2082977
    119.8458023
    119.8361969
    119.8467026
    119.8548965
    119.8218002
    119.8610992
    119.8546982
    119.8091965
    119.9005966
    119.8276978
    119.8301010
    119.9626999
    119.7797012
    139.6051941
    144.2350006
    151.1582947
    141.5951996
    145.4906006
    134.3464050
    134.3511047
    134.3554993
    134.3589020
    134.3661957
    134.3672028
    134.4759979
    134.3807983
    134.3840027
    134.3390961
    134.3654938
    134.3719025
    134.3397064
    134.3394928
    134.3623962
    134.3869019
    134.4066010
    134.4304047
    134.4530945
    134.4759979
    134.5005035
    128.2960968
    105.6884003
    105.6520004
