
 84.000000 27.000000 0.132064 
 84.050000 27.000000 0.124163 
 84.100000 27.000000 0.132949 
 84.150000 27.000000 0.154038 
 84.200000 27.000000 0.152839 
 84.250000 27.000000 0.153705 
 84.300000 27.000000 0.158420 
 84.350000 27.000000 0.155027 
 84.400000 27.000000 0.162053 
 84.450000 27.000000 0.185099 
 84.500000 27.000000 0.192854 
 84.550000 27.000000 0.199297 
 84.600000 27.000000 0.194383 
 84.650000 27.000000 0.187749 
 84.700000 27.000000 0.186357 
 84.750000 27.000000 0.200527 
 84.800000 27.000000 0.231079 
 84.850000 27.000000 0.242694 
 84.900000 27.000000 0.227189 
 84.950000 27.000000 0.217804 
 85.000000 27.000000 0.205453 
 85.050000 27.000000 0.222511 
 85.100000 27.000000 0.261955 
 85.150000 27.000000 0.270025 
 85.200000 27.000000 0.270082 
 85.250000 27.000000 0.243124 
 85.300000 27.000000 0.216581 
 85.350000 27.000000 0.232994 
 85.400000 27.000000 0.263787 
 85.450000 27.000000 0.286510 
 85.500000 27.000000 0.297928 
 85.550000 27.000000 0.243551 
 85.600000 27.000000 0.192016 
 85.650000 27.000000 0.199695 
 85.700000 27.000000 0.258680 
 85.750000 27.000000 0.315462 
 85.800000 27.000000 0.287939 
 85.850000 27.000000 0.192320 
 85.900000 27.000000 0.152446 
 85.950000 27.000000 0.187019 
 86.000000 27.000000 0.270928 
 86.050000 27.000000 0.279772 
 86.100000 27.000000 0.222130 
 86.150000 27.000000 0.161523 
 86.200000 27.000000 0.145414 
 86.250000 27.000000 0.175161 
 86.300000 27.000000 0.216815 
 86.350000 27.000000 0.212106 
 86.400000 27.000000 0.174800 
 86.450000 27.000000 0.137751 
 86.500000 27.000000 0.119781 
 86.550000 27.000000 0.128822 
 86.600000 27.000000 0.148559 
 86.650000 27.000000 0.164064 
 86.700000 27.000000 0.145034 
 86.750000 27.000000 0.117586 
 86.800000 27.000000 0.100491 
 86.850000 27.000000 0.106377 
 86.900000 27.000000 0.126904 
 86.950000 27.000000 0.135424 
 87.000000 27.000000 0.125142 
 84.000000 27.050000 0.132559 
 84.050000 27.050000 0.122502 
 84.100000 27.050000 0.131869 
 84.150000 27.050000 0.145671 
 84.200000 27.050000 0.155334 
 84.250000 27.050000 0.160519 
 84.300000 27.050000 0.171765 
 84.350000 27.050000 0.166354 
 84.400000 27.050000 0.160875 
 84.450000 27.050000 0.171582 
 84.500000 27.050000 0.182518 
 84.550000 27.050000 0.194276 
 84.600000 27.050000 0.212445 
 84.650000 27.050000 0.202583 
 84.700000 27.050000 0.192833 
 84.750000 27.050000 0.193253 
 84.800000 27.050000 0.192626 
 84.850000 27.050000 0.229950 
 84.900000 27.050000 0.255786 
 84.950000 27.050000 0.239447 
 85.000000 27.050000 0.231167 
 85.050000 27.050000 0.209953 
 85.100000 27.050000 0.220011 
 85.150000 27.050000 0.252587 
 85.200000 27.050000 0.275918 
 85.250000 27.050000 0.278152 
 85.300000 27.050000 0.243691 
 85.350000 27.050000 0.215845 
 85.400000 27.050000 0.223012 
 85.450000 27.050000 0.245002 
 85.500000 27.050000 0.291962 
 85.550000 27.050000 0.302952 
 85.600000 27.050000 0.240381 
 85.650000 27.050000 0.175616 
 85.700000 27.050000 0.182079 
 85.750000 27.050000 0.248951 
 85.800000 27.050000 0.323101 
 85.850000 27.050000 0.283741 
 85.900000 27.050000 0.183910 
 85.950000 27.050000 0.141432 
 86.000000 27.050000 0.180413 
 86.050000 27.050000 0.265086 
 86.100000 27.050000 0.275846 
 86.150000 27.050000 0.207632 
 86.200000 27.050000 0.148356 
 86.250000 27.050000 0.130662 
 86.300000 27.050000 0.162041 
 86.350000 27.050000 0.193190 
 86.400000 27.050000 0.192732 
 86.450000 27.050000 0.157658 
 86.500000 27.050000 0.124423 
 86.550000 27.050000 0.110742 
 86.600000 27.050000 0.124787 
 86.650000 27.050000 0.139544 
 86.700000 27.050000 0.143828 
 86.750000 27.050000 0.136603 
 86.800000 27.050000 0.109841 
 86.850000 27.050000 0.095843 
 86.900000 27.050000 0.112927 
 86.950000 27.050000 0.128582 
 87.000000 27.050000 0.128287 
 84.000000 27.100000 0.136792 
 84.050000 27.100000 0.128858 
 84.100000 27.100000 0.135379 
 84.150000 27.100000 0.136070 
 84.200000 27.100000 0.139135 
 84.250000 27.100000 0.164719 
 84.300000 27.100000 0.171755 
 84.350000 27.100000 0.179619 
 84.400000 27.100000 0.180259 
 84.450000 27.100000 0.170367 
 84.500000 27.100000 0.166850 
 84.550000 27.100000 0.186713 
 84.600000 27.100000 0.201354 
 84.650000 27.100000 0.218750 
 84.700000 27.100000 0.221084 
 84.750000 27.100000 0.203481 
 84.800000 27.100000 0.194167 
 84.850000 27.100000 0.196310 
 84.900000 27.100000 0.230179 
 84.950000 27.100000 0.252546 
 85.000000 27.100000 0.248099 
 85.050000 27.100000 0.238164 
 85.100000 27.100000 0.209348 
 85.150000 27.100000 0.220758 
 85.200000 27.100000 0.250144 
 85.250000 27.100000 0.271220 
 85.300000 27.100000 0.281821 
 85.350000 27.100000 0.253625 
 85.400000 27.100000 0.211509 
 85.450000 27.100000 0.203095 
 85.500000 27.100000 0.230580 
 85.550000 27.100000 0.295646 
 85.600000 27.100000 0.301100 
 85.650000 27.100000 0.245306 
 85.700000 27.100000 0.169301 
 85.750000 27.100000 0.170670 
 85.800000 27.100000 0.250466 
 85.850000 27.100000 0.335965 
 85.900000 27.100000 0.283913 
 85.950000 27.100000 0.183304 
 86.000000 27.100000 0.137502 
 86.050000 27.100000 0.179812 
 86.100000 27.100000 0.267279 
 86.150000 27.100000 0.265882 
 86.200000 27.100000 0.207510 
 86.250000 27.100000 0.137643 
 86.300000 27.100000 0.121943 
 86.350000 27.100000 0.148136 
 86.400000 27.100000 0.179679 
 86.450000 27.100000 0.181551 
 86.500000 27.100000 0.147894 
 86.550000 27.100000 0.113364 
 86.600000 27.100000 0.105816 
 86.650000 27.100000 0.119445 
 86.700000 27.100000 0.140746 
 86.750000 27.100000 0.146706 
 86.800000 27.100000 0.127227 
 86.850000 27.100000 0.105103 
 86.900000 27.100000 0.099969 
 86.950000 27.100000 0.124789 
 87.000000 27.100000 0.135672 
 84.000000 27.150000 0.136828 
 84.050000 27.150000 0.151080 
 84.100000 27.150000 0.145915 
 84.150000 27.150000 0.136870 
 84.200000 27.150000 0.151004 
 84.250000 27.150000 0.156697 
 84.300000 27.150000 0.163068 
 84.350000 27.150000 0.178396 
 84.400000 27.150000 0.200638 
 84.450000 27.150000 0.194360 
 84.500000 27.150000 0.176080 
 84.550000 27.150000 0.180266 
 84.600000 27.150000 0.190958 
 84.650000 27.150000 0.208592 
 84.700000 27.150000 0.233044 
 84.750000 27.150000 0.230535 
 84.800000 27.150000 0.207865 
 84.850000 27.150000 0.200448 
 84.900000 27.150000 0.198794 
 84.950000 27.150000 0.230919 
 85.000000 27.150000 0.257445 
 85.050000 27.150000 0.260864 
 85.100000 27.150000 0.241913 
 85.150000 27.150000 0.207500 
 85.200000 27.150000 0.213316 
 85.250000 27.150000 0.243415 
 85.300000 27.150000 0.275801 
 85.350000 27.150000 0.282797 
 85.400000 27.150000 0.261569 
 85.450000 27.150000 0.205601 
 85.500000 27.150000 0.189545 
 85.550000 27.150000 0.228991 
 85.600000 27.150000 0.310782 
 85.650000 27.150000 0.327309 
 85.700000 27.150000 0.249512 
 85.750000 27.150000 0.167263 
 85.800000 27.150000 0.172295 
 85.850000 27.150000 0.272165 
 85.900000 27.150000 0.355131 
 85.950000 27.150000 0.286789 
 86.000000 27.150000 0.179117 
 86.050000 27.150000 0.139268 
 86.100000 27.150000 0.193222 
 86.150000 27.150000 0.263421 
 86.200000 27.150000 0.265018 
 86.250000 27.150000 0.206398 
 86.300000 27.150000 0.134370 
 86.350000 27.150000 0.115295 
 86.400000 27.150000 0.143943 
 86.450000 27.150000 0.174708 
 86.500000 27.150000 0.178240 
 86.550000 27.150000 0.146588 
 86.600000 27.150000 0.114771 
 86.650000 27.150000 0.100024 
 86.700000 27.150000 0.116484 
 86.750000 27.150000 0.149415 
 86.800000 27.150000 0.145782 
 86.850000 27.150000 0.125539 
 86.900000 27.150000 0.106290 
 86.950000 27.150000 0.100822 
 87.000000 27.150000 0.124077 
 84.000000 27.200000 0.125730 
 84.050000 27.200000 0.153974 
 84.100000 27.200000 0.158861 
 84.150000 27.200000 0.142605 
 84.200000 27.200000 0.160603 
 84.250000 27.200000 0.158229 
 84.300000 27.200000 0.152689 
 84.350000 27.200000 0.167968 
 84.400000 27.200000 0.190215 
 84.450000 27.200000 0.203789 
 84.500000 27.200000 0.213341 
 84.550000 27.200000 0.186484 
 84.600000 27.200000 0.179821 
 84.650000 27.200000 0.200194 
 84.700000 27.200000 0.215160 
 84.750000 27.200000 0.234386 
 84.800000 27.200000 0.241668 
 84.850000 27.200000 0.220035 
 84.900000 27.200000 0.205063 
 84.950000 27.200000 0.200139 
 85.000000 27.200000 0.234886 
 85.050000 27.200000 0.268572 
 85.100000 27.200000 0.274679 
 85.150000 27.200000 0.255127 
 85.200000 27.200000 0.218564 
 85.250000 27.200000 0.206307 
 85.300000 27.200000 0.241596 
 85.350000 27.200000 0.281846 
 85.400000 27.200000 0.312124 
 85.450000 27.200000 0.280201 
 85.500000 27.200000 0.214000 
 85.550000 27.200000 0.188725 
 85.600000 27.200000 0.237157 
 85.650000 27.200000 0.336465 
 85.700000 27.200000 0.358816 
 85.750000 27.200000 0.271494 
 85.800000 27.200000 0.173276 
 85.850000 27.200000 0.192191 
 85.900000 27.200000 0.315468 
 85.950000 27.200000 0.387516 
 86.000000 27.200000 0.302373 
 86.050000 27.200000 0.189124 
 86.100000 27.200000 0.145252 
 86.150000 27.200000 0.200725 
 86.200000 27.200000 0.270092 
 86.250000 27.200000 0.271306 
 86.300000 27.200000 0.209195 
 86.350000 27.200000 0.140245 
 86.400000 27.200000 0.116124 
 86.450000 27.200000 0.138082 
 86.500000 27.200000 0.169264 
 86.550000 27.200000 0.181066 
 86.600000 27.200000 0.159059 
 86.650000 27.200000 0.125157 
 86.700000 27.200000 0.109741 
 86.750000 27.200000 0.120039 
 86.800000 27.200000 0.152023 
 86.850000 27.200000 0.156644 
 86.900000 27.200000 0.133070 
 86.950000 27.200000 0.111243 
 87.000000 27.200000 0.098578 
 84.000000 27.250000 0.120895 
 84.050000 27.250000 0.135298 
 84.100000 27.250000 0.142429 
 84.150000 27.250000 0.156897 
 84.200000 27.250000 0.167955 
 84.250000 27.250000 0.167770 
 84.300000 27.250000 0.173056 
 84.350000 27.250000 0.165618 
 84.400000 27.250000 0.167008 
 84.450000 27.250000 0.197192 
 84.500000 27.250000 0.223240 
 84.550000 27.250000 0.209641 
 84.600000 27.250000 0.190532 
 84.650000 27.250000 0.196652 
 84.700000 27.250000 0.204448 
 84.750000 27.250000 0.220595 
 84.800000 27.250000 0.245212 
 84.850000 27.250000 0.249033 
 84.900000 27.250000 0.241773 
 84.950000 27.250000 0.217854 
 85.000000 27.250000 0.205191 
 85.050000 27.250000 0.238199 
 85.100000 27.250000 0.274635 
 85.150000 27.250000 0.295995 
 85.200000 27.250000 0.278810 
 85.250000 27.250000 0.235117 
 85.300000 27.250000 0.213576 
 85.350000 27.250000 0.239706 
 85.400000 27.250000 0.295984 
 85.450000 27.250000 0.349399 
 85.500000 27.250000 0.322943 
 85.550000 27.250000 0.236328 
 85.600000 27.250000 0.205732 
 85.650000 27.250000 0.264356 
 85.700000 27.250000 0.377663 
 85.750000 27.250000 0.414882 
 85.800000 27.250000 0.296597 
 85.850000 27.250000 0.187633 
 85.900000 27.250000 0.219051 
 85.950000 27.250000 0.359706 
 86.000000 27.250000 0.420389 
 86.050000 27.250000 0.330869 
 86.100000 27.250000 0.200427 
 86.150000 27.250000 0.154381 
 86.200000 27.250000 0.214555 
 86.250000 27.250000 0.278020 
 86.300000 27.250000 0.279639 
 86.350000 27.250000 0.230691 
 86.400000 27.250000 0.165149 
 86.450000 27.250000 0.126186 
 86.500000 27.250000 0.138418 
 86.550000 27.250000 0.167798 
 86.600000 27.250000 0.183746 
 86.650000 27.250000 0.169734 
 86.700000 27.250000 0.143829 
 86.750000 27.250000 0.119128 
 86.800000 27.250000 0.119004 
 86.850000 27.250000 0.151548 
 86.900000 27.250000 0.155497 
 86.950000 27.250000 0.139969 
 87.000000 27.250000 0.113558 
 84.000000 27.300000 0.130401 
 84.050000 27.300000 0.126754 
 84.100000 27.300000 0.138039 
 84.150000 27.300000 0.154985 
 84.200000 27.300000 0.159593 
 84.250000 27.300000 0.172871 
 84.300000 27.300000 0.190439 
 84.350000 27.300000 0.179962 
 84.400000 27.300000 0.159949 
 84.450000 27.300000 0.178890 
 84.500000 27.300000 0.211295 
 84.550000 27.300000 0.224873 
 84.600000 27.300000 0.221181 
 84.650000 27.300000 0.208096 
 84.700000 27.300000 0.209016 
 84.750000 27.300000 0.215831 
 84.800000 27.300000 0.231492 
 84.850000 27.300000 0.246010 
 84.900000 27.300000 0.270825 
 84.950000 27.300000 0.270233 
 85.000000 27.300000 0.237374 
 85.050000 27.300000 0.217439 
 85.100000 27.300000 0.241859 
 85.150000 27.300000 0.282070 
 85.200000 27.300000 0.325074 
 85.250000 27.300000 0.330412 
 85.300000 27.300000 0.278542 
 85.350000 27.300000 0.234192 
 85.400000 27.300000 0.253961 
 85.450000 27.300000 0.321338 
 85.500000 27.300000 0.405934 
 85.550000 27.300000 0.387182 
 85.600000 27.300000 0.288392 
 85.650000 27.300000 0.234687 
 85.700000 27.300000 0.313059 
 85.750000 27.300000 0.449868 
 85.800000 27.300000 0.467097 
 85.850000 27.300000 0.339658 
 85.900000 27.300000 0.213790 
 85.950000 27.300000 0.254033 
 86.000000 27.300000 0.409275 
 86.050000 27.300000 0.459485 
 86.100000 27.300000 0.361266 
 86.150000 27.300000 0.225967 
 86.200000 27.300000 0.175034 
 86.250000 27.300000 0.218157 
 86.300000 27.300000 0.293197 
 86.350000 27.300000 0.299338 
 86.400000 27.300000 0.253650 
 86.450000 27.300000 0.193895 
 86.500000 27.300000 0.157543 
 86.550000 27.300000 0.144903 
 86.600000 27.300000 0.164479 
 86.650000 27.300000 0.179260 
 86.700000 27.300000 0.176743 
 86.750000 27.300000 0.156020 
 86.800000 27.300000 0.139576 
 86.850000 27.300000 0.132584 
 86.900000 27.300000 0.148090 
 86.950000 27.300000 0.151333 
 87.000000 27.300000 0.142128 
 84.000000 27.350000 0.144790 
 84.050000 27.350000 0.142073 
 84.100000 27.350000 0.142764 
 84.150000 27.350000 0.158512 
 84.200000 27.350000 0.154547 
 84.250000 27.350000 0.167399 
 84.300000 27.350000 0.194680 
 84.350000 27.350000 0.196870 
 84.400000 27.350000 0.184348 
 84.450000 27.350000 0.181528 
 84.500000 27.350000 0.192647 
 84.550000 27.350000 0.224419 
 84.600000 27.350000 0.243115 
 84.650000 27.350000 0.224642 
 84.700000 27.350000 0.225340 
 84.750000 27.350000 0.241166 
 84.800000 27.350000 0.235012 
 84.850000 27.350000 0.237194 
 84.900000 27.350000 0.260822 
 84.950000 27.350000 0.293801 
 85.000000 27.350000 0.300057 
 85.050000 27.350000 0.283687 
 85.100000 27.350000 0.253416 
 85.150000 27.350000 0.255168 
 85.200000 27.350000 0.301382 
 85.250000 27.350000 0.361347 
 85.300000 27.350000 0.385402 
 85.350000 27.350000 0.350831 
 85.400000 27.350000 0.287514 
 85.450000 27.350000 0.290929 
 85.500000 27.350000 0.370942 
 85.550000 27.350000 0.465602 
 85.600000 27.350000 0.455241 
 85.650000 27.350000 0.347207 
 85.700000 27.350000 0.283129 
 85.750000 27.350000 0.374886 
 85.800000 27.350000 0.518884 
 85.850000 27.350000 0.534807 
 85.900000 27.350000 0.388272 
 85.950000 27.350000 0.255028 
 86.000000 27.350000 0.301060 
 86.050000 27.350000 0.438012 
 86.100000 27.350000 0.501256 
 86.150000 27.350000 0.407792 
 86.200000 27.350000 0.264432 
 86.250000 27.350000 0.207470 
 86.300000 27.350000 0.244242 
 86.350000 27.350000 0.296949 
 86.400000 27.350000 0.316287 
 86.450000 27.350000 0.272841 
 86.500000 27.350000 0.220545 
 86.550000 27.350000 0.188384 
 86.600000 27.350000 0.174390 
 86.650000 27.350000 0.171015 
 86.700000 27.350000 0.178219 
 86.750000 27.350000 0.171130 
 86.800000 27.350000 0.163229 
 86.850000 27.350000 0.152828 
 86.900000 27.350000 0.153050 
 86.950000 27.350000 0.163029 
 87.000000 27.350000 0.156642 
 84.000000 27.400000 0.146985 
 84.050000 27.400000 0.151781 
 84.100000 27.400000 0.153017 
 84.150000 27.400000 0.151930 
 84.200000 27.400000 0.156521 
 84.250000 27.400000 0.171974 
 84.300000 27.400000 0.187543 
 84.350000 27.400000 0.208902 
 84.400000 27.400000 0.216766 
 84.450000 27.400000 0.196106 
 84.500000 27.400000 0.188153 
 84.550000 27.400000 0.218732 
 84.600000 27.400000 0.251572 
 84.650000 27.400000 0.249232 
 84.700000 27.400000 0.238022 
 84.750000 27.400000 0.256222 
 84.800000 27.400000 0.264666 
 84.850000 27.400000 0.265144 
 84.900000 27.400000 0.271954 
 84.950000 27.400000 0.279865 
 85.000000 27.400000 0.322959 
 85.050000 27.400000 0.348486 
 85.100000 27.400000 0.337356 
 85.150000 27.400000 0.311755 
 85.200000 27.400000 0.300967 
 85.250000 27.400000 0.336482 
 85.300000 27.400000 0.401846 
 85.350000 27.400000 0.446740 
 85.400000 27.400000 0.433646 
 85.450000 27.400000 0.366981 
 85.500000 27.400000 0.355275 
 85.550000 27.400000 0.428133 
 85.600000 27.400000 0.537530 
 85.650000 27.400000 0.533525 
 85.700000 27.400000 0.424763 
 85.750000 27.400000 0.343665 
 85.800000 27.400000 0.444304 
 85.850000 27.400000 0.588387 
 85.900000 27.400000 0.601393 
 85.950000 27.400000 0.441781 
 86.000000 27.400000 0.293145 
 86.050000 27.400000 0.329304 
 86.100000 27.400000 0.469746 
 86.150000 27.400000 0.541431 
 86.200000 27.400000 0.446765 
 86.250000 27.400000 0.304693 
 86.300000 27.400000 0.241238 
 86.350000 27.400000 0.270092 
 86.400000 27.400000 0.308426 
 86.450000 27.400000 0.321066 
 86.500000 27.400000 0.284246 
 86.550000 27.400000 0.236747 
 86.600000 27.400000 0.219190 
 86.650000 27.400000 0.200636 
 86.700000 27.400000 0.180282 
 86.750000 27.400000 0.177370 
 86.800000 27.400000 0.163968 
 86.850000 27.400000 0.158011 
 86.900000 27.400000 0.156681 
 86.950000 27.400000 0.161292 
 87.000000 27.400000 0.173669 
 84.000000 27.450000 0.141945 
 84.050000 27.450000 0.157449 
 84.100000 27.450000 0.167244 
 84.150000 27.450000 0.164009 
 84.200000 27.450000 0.164909 
 84.250000 27.450000 0.176233 
 84.300000 27.450000 0.174672 
 84.350000 27.450000 0.209019 
 84.400000 27.450000 0.243294 
 84.450000 27.450000 0.223711 
 84.500000 27.450000 0.205380 
 84.550000 27.450000 0.222086 
 84.600000 27.450000 0.247345 
 84.650000 27.450000 0.269415 
 84.700000 27.450000 0.274617 
 84.750000 27.450000 0.253523 
 84.800000 27.450000 0.281448 
 84.850000 27.450000 0.315832 
 84.900000 27.450000 0.312062 
 84.950000 27.450000 0.302159 
 85.000000 27.450000 0.318721 
 85.050000 27.450000 0.349989 
 85.100000 27.450000 0.387510 
 85.150000 27.450000 0.414472 
 85.200000 27.450000 0.400070 
 85.250000 27.450000 0.370246 
 85.300000 27.450000 0.389371 
 85.350000 27.450000 0.446881 
 85.400000 27.450000 0.521433 
 85.450000 27.450000 0.529708 
 85.500000 27.450000 0.463844 
 85.550000 27.450000 0.447339 
 85.600000 27.450000 0.514701 
 85.650000 27.450000 0.621172 
 85.700000 27.450000 0.608450 
 85.750000 27.450000 0.493873 
 85.800000 27.450000 0.410790 
 85.850000 27.450000 0.516745 
 85.900000 27.450000 0.653889 
 85.950000 27.450000 0.657768 
 86.000000 27.450000 0.490990 
 86.050000 27.450000 0.348699 
 86.100000 27.450000 0.358999 
 86.150000 27.450000 0.499478 
 86.200000 27.450000 0.566381 
 86.250000 27.450000 0.485256 
 86.300000 27.450000 0.337924 
 86.350000 27.450000 0.265516 
 86.400000 27.450000 0.276490 
 86.450000 27.450000 0.314553 
 86.500000 27.450000 0.317696 
 86.550000 27.450000 0.282264 
 86.600000 27.450000 0.243865 
 86.650000 27.450000 0.226458 
 86.700000 27.450000 0.209031 
 86.750000 27.450000 0.200219 
 86.800000 27.450000 0.185956 
 86.850000 27.450000 0.166900 
 86.900000 27.450000 0.152397 
 86.950000 27.450000 0.148853 
 87.000000 27.450000 0.159968 
 84.000000 27.500000 0.128296 
 84.050000 27.500000 0.154418 
 84.100000 27.500000 0.168075 
 84.150000 27.500000 0.183024 
 84.200000 27.500000 0.185262 
 84.250000 27.500000 0.171305 
 84.300000 27.500000 0.174812 
 84.350000 27.500000 0.202278 
 84.400000 27.500000 0.237577 
 84.450000 27.500000 0.258099 
 84.500000 27.500000 0.238257 
 84.550000 27.500000 0.225298 
 84.600000 27.500000 0.245554 
 84.650000 27.500000 0.288431 
 84.700000 27.500000 0.318126 
 84.750000 27.500000 0.290587 
 84.800000 27.500000 0.278969 
 84.850000 27.500000 0.329713 
 84.900000 27.500000 0.360950 
 84.950000 27.500000 0.371726 
 85.000000 27.500000 0.376026 
 85.050000 27.500000 0.373847 
 85.100000 27.500000 0.389786 
 85.150000 27.500000 0.437115 
 85.200000 27.500000 0.481732 
 85.250000 27.500000 0.495817 
 85.300000 27.500000 0.474772 
 85.350000 27.500000 0.474040 
 85.400000 27.500000 0.521147 
 85.450000 27.500000 0.602175 
 85.500000 27.500000 0.608698 
 85.550000 27.500000 0.555967 
 85.600000 27.500000 0.536006 
 85.650000 27.500000 0.617978 
 85.700000 27.500000 0.704423 
 85.750000 27.500000 0.683234 
 85.800000 27.500000 0.558831 
 85.850000 27.500000 0.477859 
 85.900000 27.500000 0.571415 
 85.950000 27.500000 0.710962 
 86.000000 27.500000 0.713685 
 86.050000 27.500000 0.540048 
 86.100000 27.500000 0.381105 
 86.150000 27.500000 0.396717 
 86.200000 27.500000 0.513672 
 86.250000 27.500000 0.575023 
 86.300000 27.500000 0.489415 
 86.350000 27.500000 0.354978 
 86.400000 27.500000 0.280269 
 86.450000 27.500000 0.289828 
 86.500000 27.500000 0.312022 
 86.550000 27.500000 0.308032 
 86.600000 27.500000 0.271736 
 86.650000 27.500000 0.236838 
 86.700000 27.500000 0.225219 
 86.750000 27.500000 0.221180 
 86.800000 27.500000 0.207306 
 86.850000 27.500000 0.199343 
 86.900000 27.500000 0.175848 
 86.950000 27.500000 0.155014 
 87.000000 27.500000 0.145240 
 84.000000 27.550000 0.137514 
 84.050000 27.550000 0.138180 
 84.100000 27.550000 0.161305 
 84.150000 27.550000 0.186742 
 84.200000 27.550000 0.213943 
 84.250000 27.550000 0.197131 
 84.300000 27.550000 0.184675 
 84.350000 27.550000 0.198040 
 84.400000 27.550000 0.220418 
 84.450000 27.550000 0.269945 
 84.500000 27.550000 0.292466 
 84.550000 27.550000 0.251127 
 84.600000 27.550000 0.243207 
 84.650000 27.550000 0.288148 
 84.700000 27.550000 0.337905 
 84.750000 27.550000 0.356737 
 84.800000 27.550000 0.338673 
 84.850000 27.550000 0.325052 
 84.900000 27.550000 0.360540 
 84.950000 27.550000 0.406908 
 85.000000 27.550000 0.442796 
 85.050000 27.550000 0.450345 
 85.100000 27.550000 0.463025 
 85.150000 27.550000 0.459053 
 85.200000 27.550000 0.487935 
 85.250000 27.550000 0.565268 
 85.300000 27.550000 0.593762 
 85.350000 27.550000 0.575806 
 85.400000 27.550000 0.575239 
 85.450000 27.550000 0.625800 
 85.500000 27.550000 0.686815 
 85.550000 27.550000 0.692140 
 85.600000 27.550000 0.652367 
 85.650000 27.550000 0.625933 
 85.700000 27.550000 0.695302 
 85.750000 27.550000 0.792842 
 85.800000 27.550000 0.749007 
 85.850000 27.550000 0.616458 
 85.900000 27.550000 0.533852 
 85.950000 27.550000 0.610950 
 86.000000 27.550000 0.748656 
 86.050000 27.550000 0.742644 
 86.100000 27.550000 0.564040 
 86.150000 27.550000 0.414741 
 86.200000 27.550000 0.408400 
 86.250000 27.550000 0.516020 
 86.300000 27.550000 0.568724 
 86.350000 27.550000 0.471390 
 86.400000 27.550000 0.349915 
 86.450000 27.550000 0.283405 
 86.500000 27.550000 0.281744 
 86.550000 27.550000 0.306002 
 86.600000 27.550000 0.300036 
 86.650000 27.550000 0.265179 
 86.700000 27.550000 0.235252 
 86.750000 27.550000 0.217823 
 86.800000 27.550000 0.214177 
 86.850000 27.550000 0.217304 
 86.900000 27.550000 0.212426 
 86.950000 27.550000 0.198318 
 87.000000 27.550000 0.165366 
 84.000000 27.600000 0.154361 
 84.050000 27.600000 0.142175 
 84.100000 27.600000 0.148791 
 84.150000 27.600000 0.180685 
 84.200000 27.600000 0.206543 
 84.250000 27.600000 0.233022 
 84.300000 27.600000 0.219179 
 84.350000 27.600000 0.202726 
 84.400000 27.600000 0.207467 
 84.450000 27.600000 0.261830 
 84.500000 27.600000 0.311911 
 84.550000 27.600000 0.316503 
 84.600000 27.600000 0.277753 
 84.650000 27.600000 0.272018 
 84.700000 27.600000 0.322463 
 84.750000 27.600000 0.386339 
 84.800000 27.600000 0.410171 
 84.850000 27.600000 0.391317 
 84.900000 27.600000 0.380456 
 84.950000 27.600000 0.412065 
 85.000000 27.600000 0.460620 
 85.050000 27.600000 0.523804 
 85.100000 27.600000 0.550788 
 85.150000 27.600000 0.551835 
 85.200000 27.600000 0.537714 
 85.250000 27.600000 0.566785 
 85.300000 27.600000 0.658602 
 85.350000 27.600000 0.697015 
 85.400000 27.600000 0.674994 
 85.450000 27.600000 0.672631 
 85.500000 27.600000 0.718984 
 85.550000 27.600000 0.777148 
 85.600000 27.600000 0.772990 
 85.650000 27.600000 0.729189 
 85.700000 27.600000 0.688470 
 85.750000 27.600000 0.760813 
 85.800000 27.600000 0.862135 
 85.850000 27.600000 0.800138 
 85.900000 27.600000 0.636872 
 85.950000 27.600000 0.578737 
 86.000000 27.600000 0.642257 
 86.050000 27.600000 0.747508 
 86.100000 27.600000 0.748694 
 86.150000 27.600000 0.565284 
 86.200000 27.600000 0.421100 
 86.250000 27.600000 0.405689 
 86.300000 27.600000 0.501204 
 86.350000 27.600000 0.529970 
 86.400000 27.600000 0.437695 
 86.450000 27.600000 0.330371 
 86.500000 27.600000 0.275910 
 86.550000 27.600000 0.272078 
 86.600000 27.600000 0.288531 
 86.650000 27.600000 0.276655 
 86.700000 27.600000 0.263336 
 86.750000 27.600000 0.230000 
 86.800000 27.600000 0.210377 
 86.850000 27.600000 0.211546 
 86.900000 27.600000 0.212257 
 86.950000 27.600000 0.218204 
 87.000000 27.600000 0.207017 
 84.000000 27.650000 0.170792 
 84.050000 27.650000 0.172427 
 84.100000 27.650000 0.158363 
 84.150000 27.650000 0.169502 
 84.200000 27.650000 0.196244 
 84.250000 27.650000 0.243148 
 84.300000 27.650000 0.264679 
 84.350000 27.650000 0.244964 
 84.400000 27.650000 0.220289 
 84.450000 27.650000 0.238162 
 84.500000 27.650000 0.292170 
 84.550000 27.650000 0.360099 
 84.600000 27.650000 0.370527 
 84.650000 27.650000 0.308104 
 84.700000 27.650000 0.296689 
 84.750000 27.650000 0.366779 
 84.800000 27.650000 0.438960 
 84.850000 27.650000 0.472928 
 84.900000 27.650000 0.469268 
 84.950000 27.650000 0.471319 
 85.000000 27.650000 0.454513 
 85.050000 27.650000 0.520282 
 85.100000 27.650000 0.620673 
 85.150000 27.650000 0.657202 
 85.200000 27.650000 0.663318 
 85.250000 27.650000 0.637106 
 85.300000 27.650000 0.655120 
 85.350000 27.650000 0.743352 
 85.400000 27.650000 0.791656 
 85.450000 27.650000 0.771239 
 85.500000 27.650000 0.761975 
 85.550000 27.650000 0.807066 
 85.600000 27.650000 0.851779 
 85.650000 27.650000 0.830328 
 85.700000 27.650000 0.782370 
 85.750000 27.650000 0.738187 
 85.800000 27.650000 0.800587 
 85.850000 27.650000 0.887895 
 85.900000 27.650000 0.831257 
 85.950000 27.650000 0.655077 
 86.000000 27.650000 0.578339 
 86.050000 27.650000 0.627911 
 86.100000 27.650000 0.733193 
 86.150000 27.650000 0.713150 
 86.200000 27.650000 0.542040 
 86.250000 27.650000 0.406410 
 86.300000 27.650000 0.384828 
 86.350000 27.650000 0.463816 
 86.400000 27.650000 0.480788 
 86.450000 27.650000 0.404086 
 86.500000 27.650000 0.316995 
 86.550000 27.650000 0.254379 
 86.600000 27.650000 0.247996 
 86.650000 27.650000 0.264132 
 86.700000 27.650000 0.260176 
 86.750000 27.650000 0.255602 
 86.800000 27.650000 0.236169 
 86.850000 27.650000 0.214874 
 86.900000 27.650000 0.202198 
 86.950000 27.650000 0.204649 
 87.000000 27.650000 0.211488 
 84.000000 27.700000 0.175422 
 84.050000 27.700000 0.200523 
 84.100000 27.700000 0.195251 
 84.150000 27.700000 0.170705 
 84.200000 27.700000 0.183300 
 84.250000 27.700000 0.230119 
 84.300000 27.700000 0.271037 
 84.350000 27.700000 0.297256 
 84.400000 27.700000 0.272241 
 84.450000 27.700000 0.241949 
 84.500000 27.700000 0.254374 
 84.550000 27.700000 0.338872 
 84.600000 27.700000 0.408358 
 84.650000 27.700000 0.406618 
 84.700000 27.700000 0.358852 
 84.750000 27.700000 0.348518 
 84.800000 27.700000 0.394236 
 84.850000 27.700000 0.492291 
 84.900000 27.700000 0.555937 
 84.950000 27.700000 0.564181 
 85.000000 27.700000 0.549196 
 85.050000 27.700000 0.529760 
 85.100000 27.700000 0.578940 
 85.150000 27.700000 0.695843 
 85.200000 27.700000 0.765974 
 85.250000 27.700000 0.756757 
 85.300000 27.700000 0.736110 
 85.350000 27.700000 0.742236 
 85.400000 27.700000 0.823314 
 85.450000 27.700000 0.884017 
 85.500000 27.700000 0.867982 
 85.550000 27.700000 0.831405 
 85.600000 27.700000 0.868550 
 85.650000 27.700000 0.900389 
 85.700000 27.700000 0.879366 
 85.750000 27.700000 0.811390 
 85.800000 27.700000 0.766736 
 85.850000 27.700000 0.808172 
 85.900000 27.700000 0.889455 
 85.950000 27.700000 0.827138 
 86.000000 27.700000 0.644048 
 86.050000 27.700000 0.565321 
 86.100000 27.700000 0.593575 
 86.150000 27.700000 0.689985 
 86.200000 27.700000 0.663750 
 86.250000 27.700000 0.496433 
 86.300000 27.700000 0.373784 
 86.350000 27.700000 0.359126 
 86.400000 27.700000 0.413353 
 86.450000 27.700000 0.413732 
 86.500000 27.700000 0.362089 
 86.550000 27.700000 0.298280 
 86.600000 27.700000 0.247155 
 86.650000 27.700000 0.233683 
 86.700000 27.700000 0.240329 
 86.750000 27.700000 0.237335 
 86.800000 27.700000 0.243040 
 86.850000 27.700000 0.239568 
 86.900000 27.700000 0.215953 
 86.950000 27.700000 0.200560 
 87.000000 27.700000 0.186449 
 84.000000 27.750000 0.165355 
 84.050000 27.750000 0.203585 
 84.100000 27.750000 0.221984 
 84.150000 27.750000 0.203207 
 84.200000 27.750000 0.186672 
 84.250000 27.750000 0.200656 
 84.300000 27.750000 0.250250 
 84.350000 27.750000 0.312746 
 84.400000 27.750000 0.332610 
 84.450000 27.750000 0.299253 
 84.500000 27.750000 0.260908 
 84.550000 27.750000 0.290143 
 84.600000 27.750000 0.372878 
 84.650000 27.750000 0.450659 
 84.700000 27.750000 0.483760 
 84.750000 27.750000 0.432103 
 84.800000 27.750000 0.403338 
 84.850000 27.750000 0.439864 
 84.900000 27.750000 0.534061 
 84.950000 27.750000 0.633057 
 85.000000 27.750000 0.666241 
 85.050000 27.750000 0.658174 
 85.100000 27.750000 0.587217 
 85.150000 27.750000 0.637390 
 85.200000 27.750000 0.785200 
 85.250000 27.750000 0.864991 
 85.300000 27.750000 0.839954 
 85.350000 27.750000 0.814936 
 85.400000 27.750000 0.812853 
 85.450000 27.750000 0.872622 
 85.500000 27.750000 0.945736 
 85.550000 27.750000 0.926829 
 85.600000 27.750000 0.873655 
 85.650000 27.750000 0.898172 
 85.700000 27.750000 0.917965 
 85.750000 27.750000 0.882794 
 85.800000 27.750000 0.802152 
 85.850000 27.750000 0.756241 
 85.900000 27.750000 0.799589 
 85.950000 27.750000 0.851434 
 86.000000 27.750000 0.779151 
 86.050000 27.750000 0.607108 
 86.100000 27.750000 0.516986 
 86.150000 27.750000 0.548143 
 86.200000 27.750000 0.619366 
 86.250000 27.750000 0.588420 
 86.300000 27.750000 0.443711 
 86.350000 27.750000 0.344785 
 86.400000 27.750000 0.323349 
 86.450000 27.750000 0.346615 
 86.500000 27.750000 0.355285 
 86.550000 27.750000 0.323154 
 86.600000 27.750000 0.280655 
 86.650000 27.750000 0.247097 
 86.700000 27.750000 0.213824 
 86.750000 27.750000 0.211126 
 86.800000 27.750000 0.219058 
 86.850000 27.750000 0.232223 
 86.900000 27.750000 0.227122 
 86.950000 27.750000 0.207240 
 87.000000 27.750000 0.191522 
 84.000000 27.800000 0.157206 
 84.050000 27.800000 0.194010 
 84.100000 27.800000 0.235991 
 84.150000 27.800000 0.249289 
 84.200000 27.800000 0.229635 
 84.250000 27.800000 0.202066 
 84.300000 27.800000 0.217732 
 84.350000 27.800000 0.280131 
 84.400000 27.800000 0.347858 
 84.450000 27.800000 0.373135 
 84.500000 27.800000 0.345121 
 84.550000 27.800000 0.307720 
 84.600000 27.800000 0.319415 
 84.650000 27.800000 0.400207 
 84.700000 27.800000 0.505159 
 84.750000 27.800000 0.541387 
 84.800000 27.800000 0.530721 
 84.850000 27.800000 0.481299 
 84.900000 27.800000 0.475157 
 84.950000 27.800000 0.576626 
 85.000000 27.800000 0.717963 
 85.050000 27.800000 0.762208 
 85.100000 27.800000 0.745423 
 85.150000 27.800000 0.683597 
 85.200000 27.800000 0.695392 
 85.250000 27.800000 0.837835 
 85.300000 27.800000 0.950612 
 85.350000 27.800000 0.924454 
 85.400000 27.800000 0.862407 
 85.450000 27.800000 0.867839 
 85.500000 27.800000 0.906449 
 85.550000 27.800000 0.950826 
 85.600000 27.800000 0.949374 
 85.650000 27.800000 0.902062 
 85.700000 27.800000 0.902043 
 85.750000 27.800000 0.898566 
 85.800000 27.800000 0.856060 
 85.850000 27.800000 0.764652 
 85.900000 27.800000 0.719820 
 85.950000 27.800000 0.749596 
 86.000000 27.800000 0.788214 
 86.050000 27.800000 0.709892 
 86.100000 27.800000 0.546108 
 86.150000 27.800000 0.461643 
 86.200000 27.800000 0.478550 
 86.250000 27.800000 0.525684 
 86.300000 27.800000 0.483084 
 86.350000 27.800000 0.394493 
 86.400000 27.800000 0.314561 
 86.450000 27.800000 0.289259 
 86.500000 27.800000 0.298485 
 86.550000 27.800000 0.291588 
 86.600000 27.800000 0.278491 
 86.650000 27.800000 0.266834 
 86.700000 27.800000 0.238130 
 86.750000 27.800000 0.204888 
 86.800000 27.800000 0.194782 
 86.850000 27.800000 0.202698 
 86.900000 27.800000 0.205355 
 86.950000 27.800000 0.205792 
 87.000000 27.800000 0.196701 
 84.000000 27.850000 0.154875 
 84.050000 27.850000 0.165480 
 84.100000 27.850000 0.214067 
 84.150000 27.850000 0.268472 
 84.200000 27.850000 0.283809 
 84.250000 27.850000 0.256422 
 84.300000 27.850000 0.228623 
 84.350000 27.850000 0.241097 
 84.400000 27.850000 0.295706 
 84.450000 27.850000 0.379987 
 84.500000 27.850000 0.416530 
 84.550000 27.850000 0.404853 
 84.600000 27.850000 0.368050 
 84.650000 27.850000 0.358461 
 84.700000 27.850000 0.428201 
 84.750000 27.850000 0.555802 
 84.800000 27.850000 0.616856 
 84.850000 27.850000 0.625571 
 84.900000 27.850000 0.562043 
 84.950000 27.850000 0.534064 
 85.000000 27.850000 0.623929 
 85.050000 27.850000 0.778717 
 85.100000 27.850000 0.859958 
 85.150000 27.850000 0.835865 
 85.200000 27.850000 0.739628 
 85.250000 27.850000 0.758485 
 85.300000 27.850000 0.883586 
 85.350000 27.850000 0.979810 
 85.400000 27.850000 0.977256 
 85.450000 27.850000 0.921386 
 85.500000 27.850000 0.880601 
 85.550000 27.850000 0.894917 
 85.600000 27.850000 0.934392 
 85.650000 27.850000 0.934202 
 85.700000 27.850000 0.892344 
 85.750000 27.850000 0.874174 
 85.800000 27.850000 0.856377 
 85.850000 27.850000 0.794977 
 85.900000 27.850000 0.684092 
 85.950000 27.850000 0.644811 
 86.000000 27.850000 0.671566 
 86.050000 27.850000 0.690971 
 86.100000 27.850000 0.611404 
 86.150000 27.850000 0.484418 
 86.200000 27.850000 0.405255 
 86.250000 27.850000 0.408658 
 86.300000 27.850000 0.433354 
 86.350000 27.850000 0.393958 
 86.400000 27.850000 0.340798 
 86.450000 27.850000 0.298947 
 86.500000 27.850000 0.267877 
 86.550000 27.850000 0.253537 
 86.600000 27.850000 0.245237 
 86.650000 27.850000 0.250866 
 86.700000 27.850000 0.239217 
 86.750000 27.850000 0.223509 
 86.800000 27.850000 0.198392 
 86.850000 27.850000 0.181232 
 86.900000 27.850000 0.181207 
 86.950000 27.850000 0.186065 
 87.000000 27.850000 0.186890 
 84.000000 27.900000 0.199890 
 84.050000 27.900000 0.171289 
 84.100000 27.900000 0.178435 
 84.150000 27.900000 0.231178 
 84.200000 27.900000 0.294576 
 84.250000 27.900000 0.309452 
 84.300000 27.900000 0.293203 
 84.350000 27.900000 0.261877 
 84.400000 27.900000 0.271363 
 84.450000 27.900000 0.330661 
 84.500000 27.900000 0.396042 
 84.550000 27.900000 0.451817 
 84.600000 27.900000 0.467143 
 84.650000 27.900000 0.441675 
 84.700000 27.900000 0.401838 
 84.750000 27.900000 0.458845 
 84.800000 27.900000 0.587103 
 84.850000 27.900000 0.680111 
 84.900000 27.900000 0.708314 
 84.950000 27.900000 0.655546 
 85.000000 27.900000 0.596509 
 85.050000 27.900000 0.661712 
 85.100000 27.900000 0.832180 
 85.150000 27.900000 0.931120 
 85.200000 27.900000 0.877175 
 85.250000 27.900000 0.810559 
 85.300000 27.900000 0.793807 
 85.350000 27.900000 0.881616 
 85.400000 27.900000 1.000000 
 85.450000 27.900000 0.990707 
 85.500000 27.900000 0.944543 
 85.550000 27.900000 0.877297 
 85.600000 27.900000 0.862371 
 85.650000 27.900000 0.880819 
 85.700000 27.900000 0.877155 
 85.750000 27.900000 0.842108 
 85.800000 27.900000 0.806950 
 85.850000 27.900000 0.789436 
 85.900000 27.900000 0.704134 
 85.950000 27.900000 0.603589 
 86.000000 27.900000 0.571270 
 86.050000 27.900000 0.585658 
 86.100000 27.900000 0.575499 
 86.150000 27.900000 0.513580 
 86.200000 27.900000 0.421081 
 86.250000 27.900000 0.360676 
 86.300000 27.900000 0.353471 
 86.350000 27.900000 0.348771 
 86.400000 27.900000 0.325685 
 86.450000 27.900000 0.308179 
 86.500000 27.900000 0.284863 
 86.550000 27.900000 0.251557 
 86.600000 27.900000 0.220967 
 86.650000 27.900000 0.210042 
 86.700000 27.900000 0.224091 
 86.750000 27.900000 0.218806 
 86.800000 27.900000 0.206271 
 86.850000 27.900000 0.177303 
 86.900000 27.900000 0.164008 
 86.950000 27.900000 0.161099 
 87.000000 27.900000 0.161700 
 84.000000 27.950000 0.239815 
 84.050000 27.950000 0.208602 
 84.100000 27.950000 0.189753 
 84.150000 27.950000 0.193984 
 84.200000 27.950000 0.247617 
 84.250000 27.950000 0.304514 
 84.300000 27.950000 0.338578 
 84.350000 27.950000 0.319177 
 84.400000 27.950000 0.309410 
 84.450000 27.950000 0.318896 
 84.500000 27.950000 0.345105 
 84.550000 27.950000 0.421595 
 84.600000 27.950000 0.485470 
 84.650000 27.950000 0.527425 
 84.700000 27.950000 0.518144 
 84.750000 27.950000 0.475782 
 84.800000 27.950000 0.500319 
 84.850000 27.950000 0.616397 
 84.900000 27.950000 0.744292 
 84.950000 27.950000 0.784830 
 85.000000 27.950000 0.724703 
 85.050000 27.950000 0.663984 
 85.100000 27.950000 0.695758 
 85.150000 27.950000 0.859487 
 85.200000 27.950000 0.967888 
 85.250000 27.950000 0.932702 
 85.300000 27.950000 0.857645 
 85.350000 27.950000 0.805036 
 85.400000 27.950000 0.870791 
 85.450000 27.950000 0.951903 
 85.500000 27.950000 0.968923 
 85.550000 27.950000 0.933401 
 85.600000 27.950000 0.849979 
 85.650000 27.950000 0.813194 
 85.700000 27.950000 0.805137 
 85.750000 27.950000 0.791854 
 85.800000 27.950000 0.751675 
 85.850000 27.950000 0.733505 
 85.900000 27.950000 0.694243 
 85.950000 27.950000 0.615030 
 86.000000 27.950000 0.520854 
 86.050000 27.950000 0.500647 
 86.100000 27.950000 0.496787 
 86.150000 27.950000 0.475304 
 86.200000 27.950000 0.428252 
 86.250000 27.950000 0.373352 
 86.300000 27.950000 0.326349 
 86.350000 27.950000 0.307483 
 86.400000 27.950000 0.290136 
 86.450000 27.950000 0.268443 
 86.500000 27.950000 0.273045 
 86.550000 27.950000 0.266861 
 86.600000 27.950000 0.234664 
 86.650000 27.950000 0.187055 
 86.700000 27.950000 0.186388 
 86.750000 27.950000 0.196297 
 86.800000 27.950000 0.191095 
 86.850000 27.950000 0.182027 
 86.900000 27.950000 0.157946 
 86.950000 27.950000 0.147793 
 87.000000 27.950000 0.139799 
 84.000000 28.000000 0.254175 
 84.050000 28.000000 0.260651 
 84.100000 28.000000 0.238287 
 84.150000 28.000000 0.207905 
 84.200000 28.000000 0.216731 
 84.250000 28.000000 0.269488 
 84.300000 28.000000 0.331451 
 84.350000 28.000000 0.345764 
 84.400000 28.000000 0.353612 
 84.450000 28.000000 0.364067 
 84.500000 28.000000 0.360097 
 84.550000 28.000000 0.378151 
 84.600000 28.000000 0.437156 
 84.650000 28.000000 0.521656 
 84.700000 28.000000 0.584868 
 84.750000 28.000000 0.577557 
 84.800000 28.000000 0.529682 
 84.850000 28.000000 0.544677 
 84.900000 28.000000 0.641507 
 84.950000 28.000000 0.780005 
 85.000000 28.000000 0.826687 
 85.050000 28.000000 0.776892 
 85.100000 28.000000 0.695674 
 85.150000 28.000000 0.722212 
 85.200000 28.000000 0.862500 
 85.250000 28.000000 0.952086 
 85.300000 28.000000 0.950227 
 85.350000 28.000000 0.889079 
 85.400000 28.000000 0.817821 
 85.450000 28.000000 0.821209 
 85.500000 28.000000 0.882489 
 85.550000 28.000000 0.909416 
 85.600000 28.000000 0.881310 
 85.650000 28.000000 0.812095 
 85.700000 28.000000 0.747561 
 85.750000 28.000000 0.708881 
 85.800000 28.000000 0.689359 
 85.850000 28.000000 0.668455 
 85.900000 28.000000 0.632846 
 85.950000 28.000000 0.591813 
 86.000000 28.000000 0.521342 
 86.050000 28.000000 0.455571 
 86.100000 28.000000 0.425460 
 86.150000 28.000000 0.423075 
 86.200000 28.000000 0.385019 
 86.250000 28.000000 0.349405 
 86.300000 28.000000 0.320568 
 86.350000 28.000000 0.300818 
 86.400000 28.000000 0.272298 
 86.450000 28.000000 0.240577 
 86.500000 28.000000 0.227545 
 86.550000 28.000000 0.250422 
 86.600000 28.000000 0.240097 
 86.650000 28.000000 0.208982 
 86.700000 28.000000 0.173762 
 86.750000 28.000000 0.160789 
 86.800000 28.000000 0.166885 
 86.850000 28.000000 0.165630 
 86.900000 28.000000 0.160717 
 86.950000 28.000000 0.139165 
 87.000000 28.000000 0.123733 
 84.000000 28.050000 0.203067 
 84.050000 28.050000 0.260174 
 84.100000 28.050000 0.282084 
 84.150000 28.050000 0.248910 
 84.200000 28.050000 0.227754 
 84.250000 28.050000 0.243275 
 84.300000 28.050000 0.284124 
 84.350000 28.050000 0.339723 
 84.400000 28.050000 0.367851 
 84.450000 28.050000 0.376662 
 84.500000 28.050000 0.407992 
 84.550000 28.050000 0.416269 
 84.600000 28.050000 0.416255 
 84.650000 28.050000 0.466992 
 84.700000 28.050000 0.548634 
 84.750000 28.050000 0.614975 
 84.800000 28.050000 0.624821 
 84.850000 28.050000 0.590909 
 84.900000 28.050000 0.587221 
 84.950000 28.050000 0.662808 
 85.000000 28.050000 0.791913 
 85.050000 28.050000 0.846887 
 85.100000 28.050000 0.812379 
 85.150000 28.050000 0.752935 
 85.200000 28.050000 0.738057 
 85.250000 28.050000 0.831018 
 85.300000 28.050000 0.902078 
 85.350000 28.050000 0.916191 
 85.400000 28.050000 0.878287 
 85.450000 28.050000 0.790869 
 85.500000 28.050000 0.769038 
 85.550000 28.050000 0.781303 
 85.600000 28.050000 0.823413 
 85.650000 28.050000 0.800454 
 85.700000 28.050000 0.728810 
 85.750000 28.050000 0.661094 
 85.800000 28.050000 0.615952 
 85.850000 28.050000 0.580107 
 85.900000 28.050000 0.565491 
 85.950000 28.050000 0.545283 
 86.000000 28.050000 0.489532 
 86.050000 28.050000 0.442109 
 86.100000 28.050000 0.393391 
 86.150000 28.050000 0.371649 
 86.200000 28.050000 0.358737 
 86.250000 28.050000 0.323122 
 86.300000 28.050000 0.298131 
 86.350000 28.050000 0.290442 
 86.400000 28.050000 0.283927 
 86.450000 28.050000 0.245126 
 86.500000 28.050000 0.204117 
 86.550000 28.050000 0.198451 
 86.600000 28.050000 0.216156 
 86.650000 28.050000 0.214906 
 86.700000 28.050000 0.189919 
 86.750000 28.050000 0.153924 
 86.800000 28.050000 0.139537 
 86.850000 28.050000 0.145977 
 86.900000 28.050000 0.145223 
 86.950000 28.050000 0.136322 
 87.000000 28.050000 0.121382 
 84.000000 28.100000 0.174600 
 84.050000 28.100000 0.213067 
 84.100000 28.100000 0.263377 
 84.150000 28.100000 0.275891 
 84.200000 28.100000 0.256470 
 84.250000 28.100000 0.250391 
 84.300000 28.100000 0.270313 
 84.350000 28.100000 0.318777 
 84.400000 28.100000 0.355288 
 84.450000 28.100000 0.368709 
 84.500000 28.100000 0.403230 
 84.550000 28.100000 0.442642 
 84.600000 28.100000 0.442443 
 84.650000 28.100000 0.454553 
 84.700000 28.100000 0.508707 
 84.750000 28.100000 0.565231 
 84.800000 28.100000 0.639550 
 84.850000 28.100000 0.661566 
 84.900000 28.100000 0.616246 
 84.950000 28.100000 0.630528 
 85.000000 28.100000 0.683960 
 85.050000 28.100000 0.780265 
 85.100000 28.100000 0.825102 
 85.150000 28.100000 0.821622 
 85.200000 28.100000 0.766727 
 85.250000 28.100000 0.741133 
 85.300000 28.100000 0.786730 
 85.350000 28.100000 0.833354 
 85.400000 28.100000 0.851178 
 85.450000 28.100000 0.823779 
 85.500000 28.100000 0.760945 
 85.550000 28.100000 0.697748 
 85.600000 28.100000 0.693900 
 85.650000 28.100000 0.717318 
 85.700000 28.100000 0.693151 
 85.750000 28.100000 0.640234 
 85.800000 28.100000 0.581600 
 85.850000 28.100000 0.526548 
 85.900000 28.100000 0.499095 
 85.950000 28.100000 0.487066 
 86.000000 28.100000 0.457190 
 86.050000 28.100000 0.409578 
 86.100000 28.100000 0.376464 
 86.150000 28.100000 0.349491 
 86.200000 28.100000 0.339541 
 86.250000 28.100000 0.310847 
 86.300000 28.100000 0.268675 
 86.350000 28.100000 0.257389 
 86.400000 28.100000 0.266024 
 86.450000 28.100000 0.257874 
 86.500000 28.100000 0.218047 
 86.550000 28.100000 0.182140 
 86.600000 28.100000 0.175126 
 86.650000 28.100000 0.192200 
 86.700000 28.100000 0.193089 
 86.750000 28.100000 0.168646 
 86.800000 28.100000 0.139730 
 86.850000 28.100000 0.127123 
 86.900000 28.100000 0.127589 
 86.950000 28.100000 0.129827 
 87.000000 28.100000 0.125481 
 84.000000 28.150000 0.172478 
 84.050000 28.150000 0.183920 
 84.100000 28.150000 0.223402 
 84.150000 28.150000 0.267899 
 84.200000 28.150000 0.279062 
 84.250000 28.150000 0.262070 
 84.300000 28.150000 0.268555 
 84.350000 28.150000 0.294983 
 84.400000 28.150000 0.334301 
 84.450000 28.150000 0.376337 
 84.500000 28.150000 0.397403 
 84.550000 28.150000 0.420323 
 84.600000 28.150000 0.464312 
 84.650000 28.150000 0.467229 
 84.700000 28.150000 0.486235 
 84.750000 28.150000 0.534584 
 84.800000 28.150000 0.594397 
 84.850000 28.150000 0.641871 
 84.900000 28.150000 0.644099 
 84.950000 28.150000 0.662138 
 85.000000 28.150000 0.656395 
 85.050000 28.150000 0.687122 
 85.100000 28.150000 0.761010 
 85.150000 28.150000 0.780467 
 85.200000 28.150000 0.769579 
 85.250000 28.150000 0.766010 
 85.300000 28.150000 0.733396 
 85.350000 28.150000 0.724378 
 85.400000 28.150000 0.744446 
 85.450000 28.150000 0.755347 
 85.500000 28.150000 0.750949 
 85.550000 28.150000 0.686853 
 85.600000 28.150000 0.630438 
 85.650000 28.150000 0.607016 
 85.700000 28.150000 0.618706 
 85.750000 28.150000 0.594808 
 85.800000 28.150000 0.545289 
 85.850000 28.150000 0.489516 
 85.900000 28.150000 0.456151 
 85.950000 28.150000 0.439320 
 86.000000 28.150000 0.422515 
 86.050000 28.150000 0.385035 
 86.100000 28.150000 0.339332 
 86.150000 28.150000 0.323368 
 86.200000 28.150000 0.323089 
 86.250000 28.150000 0.306114 
 86.300000 28.150000 0.270109 
 86.350000 28.150000 0.228340 
 86.400000 28.150000 0.220543 
 86.450000 28.150000 0.237807 
 86.500000 28.150000 0.235171 
 86.550000 28.150000 0.197943 
 86.600000 28.150000 0.158698 
 86.650000 28.150000 0.159039 
 86.700000 28.150000 0.172257 
 86.750000 28.150000 0.172857 
 86.800000 28.150000 0.154978 
 86.850000 28.150000 0.128340 
 86.900000 28.150000 0.113418 
 86.950000 28.150000 0.115047 
 87.000000 28.150000 0.122665 
 84.000000 28.200000 0.199987 
 84.050000 28.200000 0.177582 
 84.100000 28.200000 0.191354 
 84.150000 28.200000 0.224060 
 84.200000 28.200000 0.277711 
 84.250000 28.200000 0.282356 
 84.300000 28.200000 0.276993 
 84.350000 28.200000 0.283547 
 84.400000 28.200000 0.308984 
 84.450000 28.200000 0.353760 
 84.500000 28.200000 0.394098 
 84.550000 28.200000 0.420407 
 84.600000 28.200000 0.447081 
 84.650000 28.200000 0.471169 
 84.700000 28.200000 0.474344 
 84.750000 28.200000 0.502291 
 84.800000 28.200000 0.561766 
 84.850000 28.200000 0.601429 
 84.900000 28.200000 0.628005 
 84.950000 28.200000 0.632461 
 85.000000 28.200000 0.634857 
 85.050000 28.200000 0.656870 
 85.100000 28.200000 0.688809 
 85.150000 28.200000 0.719733 
 85.200000 28.200000 0.711653 
 85.250000 28.200000 0.710359 
 85.300000 28.200000 0.700952 
 85.350000 28.200000 0.690915 
 85.400000 28.200000 0.668068 
 85.450000 28.200000 0.661629 
 85.500000 28.200000 0.662144 
 85.550000 28.200000 0.651086 
 85.600000 28.200000 0.597175 
 85.650000 28.200000 0.556948 
 85.700000 28.200000 0.538237 
 85.750000 28.200000 0.540806 
 85.800000 28.200000 0.506458 
 85.850000 28.200000 0.455030 
 85.900000 28.200000 0.418743 
 85.950000 28.200000 0.397481 
 86.000000 28.200000 0.389657 
 86.050000 28.200000 0.375347 
 86.100000 28.200000 0.329789 
 86.150000 28.200000 0.283077 
 86.200000 28.200000 0.282379 
 86.250000 28.200000 0.289731 
 86.300000 28.200000 0.277181 
 86.350000 28.200000 0.243959 
 86.400000 28.200000 0.201192 
 86.450000 28.200000 0.196956 
 86.500000 28.200000 0.216235 
 86.550000 28.200000 0.213332 
 86.600000 28.200000 0.175136 
 86.650000 28.200000 0.143829 
 86.700000 28.200000 0.138366 
 86.750000 28.200000 0.155615 
 86.800000 28.200000 0.157477 
 86.850000 28.200000 0.144602 
 86.900000 28.200000 0.125585 
 86.950000 28.200000 0.107560 
 87.000000 28.200000 0.106248 
 84.000000 28.250000 0.220390 
 84.050000 28.250000 0.195349 
 84.100000 28.250000 0.183519 
 84.150000 28.250000 0.198988 
 84.200000 28.250000 0.234424 
 84.250000 28.250000 0.279766 
 84.300000 28.250000 0.292292 
 84.350000 28.250000 0.286002 
 84.400000 28.250000 0.289799 
 84.450000 28.250000 0.324941 
 84.500000 28.250000 0.359166 
 84.550000 28.250000 0.396832 
 84.600000 28.250000 0.437527 
 84.650000 28.250000 0.460252 
 84.700000 28.250000 0.467208 
 84.750000 28.250000 0.467547 
 84.800000 28.250000 0.505872 
 84.850000 28.250000 0.558631 
 84.900000 28.250000 0.608340 
 84.950000 28.250000 0.612170 
 85.000000 28.250000 0.585647 
 85.050000 28.250000 0.600983 
 85.100000 28.250000 0.631172 
 85.150000 28.250000 0.656985 
 85.200000 28.250000 0.679930 
 85.250000 28.250000 0.654564 
 85.300000 28.250000 0.637953 
 85.350000 28.250000 0.631131 
 85.400000 28.250000 0.620996 
 85.450000 28.250000 0.591479 
 85.500000 28.250000 0.594956 
 85.550000 28.250000 0.593406 
 85.600000 28.250000 0.548524 
 85.650000 28.250000 0.507242 
 85.700000 28.250000 0.480808 
 85.750000 28.250000 0.472631 
 85.800000 28.250000 0.467595 
 85.850000 28.250000 0.439628 
 85.900000 28.250000 0.384679 
 85.950000 28.250000 0.339777 
 86.000000 28.250000 0.351218 
 86.050000 28.250000 0.351013 
 86.100000 28.250000 0.337425 
 86.150000 28.250000 0.286748 
 86.200000 28.250000 0.246509 
 86.250000 28.250000 0.246584 
 86.300000 28.250000 0.260132 
 86.350000 28.250000 0.251498 
 86.400000 28.250000 0.210181 
 86.450000 28.250000 0.182383 
 86.500000 28.250000 0.180851 
 86.550000 28.250000 0.198461 
 86.600000 28.250000 0.193985 
 86.650000 28.250000 0.159626 
 86.700000 28.250000 0.131514 
 86.750000 28.250000 0.131668 
 86.800000 28.250000 0.144121 
 86.850000 28.250000 0.143101 
 86.900000 28.250000 0.142114 
 86.950000 28.250000 0.125951 
 87.000000 28.250000 0.107357 
 84.000000 28.300000 0.214248 
 84.050000 28.300000 0.210028 
 84.100000 28.300000 0.196869 
 84.150000 28.300000 0.187786 
 84.200000 28.300000 0.203751 
 84.250000 28.300000 0.244614 
 84.300000 28.300000 0.286778 
 84.350000 28.300000 0.298528 
 84.400000 28.300000 0.299592 
 84.450000 28.300000 0.308670 
 84.500000 28.300000 0.325943 
 84.550000 28.300000 0.362579 
 84.600000 28.300000 0.399967 
 84.650000 28.300000 0.443688 
 84.700000 28.300000 0.473836 
 84.750000 28.300000 0.458707 
 84.800000 28.300000 0.446334 
 84.850000 28.300000 0.489223 
 84.900000 28.300000 0.548301 
 84.950000 28.300000 0.585844 
 85.000000 28.300000 0.585817 
 85.050000 28.300000 0.541617 
 85.100000 28.300000 0.541868 
 85.150000 28.300000 0.580659 
 85.200000 28.300000 0.612717 
 85.250000 28.300000 0.607446 
 85.300000 28.300000 0.593011 
 85.350000 28.300000 0.577140 
 85.400000 28.300000 0.544698 
 85.450000 28.300000 0.529990 
 85.500000 28.300000 0.522615 
 85.550000 28.300000 0.524965 
 85.600000 28.300000 0.516528 
 85.650000 28.300000 0.471149 
 85.700000 28.300000 0.423927 
 85.750000 28.300000 0.405117 
 85.800000 28.300000 0.416598 
 85.850000 28.300000 0.427363 
 85.900000 28.300000 0.384530 
 85.950000 28.300000 0.321715 
 86.000000 28.300000 0.294317 
 86.050000 28.300000 0.305603 
 86.100000 28.300000 0.311988 
 86.150000 28.300000 0.297168 
 86.200000 28.300000 0.250639 
 86.250000 28.300000 0.220313 
 86.300000 28.300000 0.219924 
 86.350000 28.300000 0.231646 
 86.400000 28.300000 0.225004 
 86.450000 28.300000 0.190564 
 86.500000 28.300000 0.161403 
 86.550000 28.300000 0.166469 
 86.600000 28.300000 0.185464 
 86.650000 28.300000 0.178618 
 86.700000 28.300000 0.151569 
 86.750000 28.300000 0.127564 
 86.800000 28.300000 0.123232 
 86.850000 28.300000 0.134349 
 86.900000 28.300000 0.133984 
 86.950000 28.300000 0.139461 
 87.000000 28.300000 0.130558 
 84.000000 28.350000 0.174972 
 84.050000 28.350000 0.204761 
 84.100000 28.350000 0.210233 
 84.150000 28.350000 0.202689 
 84.200000 28.350000 0.194889 
 84.250000 28.350000 0.207970 
 84.300000 28.350000 0.244739 
 84.350000 28.350000 0.283997 
 84.400000 28.350000 0.309110 
 84.450000 28.350000 0.308609 
 84.500000 28.350000 0.318560 
 84.550000 28.350000 0.324657 
 84.600000 28.350000 0.347374 
 84.650000 28.350000 0.398380 
 84.700000 28.350000 0.444477 
 84.750000 28.350000 0.466782 
 84.800000 28.350000 0.442412 
 84.850000 28.350000 0.423346 
 84.900000 28.350000 0.464074 
 84.950000 28.350000 0.510192 
 85.000000 28.350000 0.551826 
 85.050000 28.350000 0.542549 
 85.100000 28.350000 0.499553 
 85.150000 28.350000 0.483993 
 85.200000 28.350000 0.508592 
 85.250000 28.350000 0.540761 
 85.300000 28.350000 0.554794 
 85.350000 28.350000 0.549542 
 85.400000 28.350000 0.500063 
 85.450000 28.350000 0.471533 
 85.500000 28.350000 0.460419 
 85.550000 28.350000 0.447090 
 85.600000 28.350000 0.474521 
 85.650000 28.350000 0.462556 
 85.700000 28.350000 0.411357 
 85.750000 28.350000 0.370576 
 85.800000 28.350000 0.348716 
 85.850000 28.350000 0.364437 
 85.900000 28.350000 0.373232 
 85.950000 28.350000 0.341956 
 86.000000 28.350000 0.290402 
 86.050000 28.350000 0.255531 
 86.100000 28.350000 0.269934 
 86.150000 28.350000 0.274179 
 86.200000 28.350000 0.255309 
 86.250000 28.350000 0.229671 
 86.300000 28.350000 0.203179 
 86.350000 28.350000 0.199231 
 86.400000 28.350000 0.215434 
 86.450000 28.350000 0.207257 
 86.500000 28.350000 0.171728 
 86.550000 28.350000 0.149783 
 86.600000 28.350000 0.157966 
 86.650000 28.350000 0.173045 
 86.700000 28.350000 0.167231 
 86.750000 28.350000 0.150329 
 86.800000 28.350000 0.130759 
 86.850000 28.350000 0.120802 
 86.900000 28.350000 0.124769 
 86.950000 28.350000 0.123500 
 87.000000 28.350000 0.130989 
 84.000000 28.400000 0.150768 
 84.050000 28.400000 0.180592 
 84.100000 28.400000 0.201507 
 84.150000 28.400000 0.212163 
 84.200000 28.400000 0.207679 
 84.250000 28.400000 0.203642 
 84.300000 28.400000 0.212910 
 84.350000 28.400000 0.248013 
 84.400000 28.400000 0.279122 
 84.450000 28.400000 0.307071 
 84.500000 28.400000 0.321301 
 84.550000 28.400000 0.326401 
 84.600000 28.400000 0.311802 
 84.650000 28.400000 0.333043 
 84.700000 28.400000 0.378041 
 84.750000 28.400000 0.416968 
 84.800000 28.400000 0.452728 
 84.850000 28.400000 0.424928 
 84.900000 28.400000 0.394206 
 84.950000 28.400000 0.413229 
 85.000000 28.400000 0.466863 
 85.050000 28.400000 0.508750 
 85.100000 28.400000 0.498044 
 85.150000 28.400000 0.463324 
 85.200000 28.400000 0.432236 
 85.250000 28.400000 0.436737 
 85.300000 28.400000 0.471109 
 85.350000 28.400000 0.483649 
 85.400000 28.400000 0.496716 
 85.450000 28.400000 0.463742 
 85.500000 28.400000 0.417212 
 85.550000 28.400000 0.384783 
 85.600000 28.400000 0.392287 
 85.650000 28.400000 0.412809 
 85.700000 28.400000 0.408597 
 85.750000 28.400000 0.368747 
 85.800000 28.400000 0.315193 
 85.850000 28.400000 0.296362 
 85.900000 28.400000 0.319417 
 85.950000 28.400000 0.323862 
 86.000000 28.400000 0.298701 
 86.050000 28.400000 0.256232 
 86.100000 28.400000 0.239380 
 86.150000 28.400000 0.236709 
 86.200000 28.400000 0.242829 
 86.250000 28.400000 0.228645 
 86.300000 28.400000 0.202329 
 86.350000 28.400000 0.181153 
 86.400000 28.400000 0.187232 
 86.450000 28.400000 0.201831 
 86.500000 28.400000 0.190913 
 86.550000 28.400000 0.166551 
 86.600000 28.400000 0.140777 
 86.650000 28.400000 0.146319 
 86.700000 28.400000 0.157124 
 86.750000 28.400000 0.153551 
 86.800000 28.400000 0.146056 
 86.850000 28.400000 0.137052 
 86.900000 28.400000 0.122768 
 86.950000 28.400000 0.117761 
 87.000000 28.400000 0.113040 
 84.000000 28.450000 0.142179 
 84.050000 28.450000 0.156896 
 84.100000 28.450000 0.184132 
 84.150000 28.450000 0.201862 
 84.200000 28.450000 0.207951 
 84.250000 28.450000 0.211215 
 84.300000 28.450000 0.215899 
 84.350000 28.450000 0.222183 
 84.400000 28.450000 0.244691 
 84.450000 28.450000 0.272759 
 84.500000 28.450000 0.298509 
 84.550000 28.450000 0.320137 
 84.600000 28.450000 0.324456 
 84.650000 28.450000 0.315133 
 84.700000 28.450000 0.316065 
 84.750000 28.450000 0.345095 
 84.800000 28.450000 0.389387 
 84.850000 28.450000 0.413415 
 84.900000 28.450000 0.399449 
 84.950000 28.450000 0.371409 
 85.000000 28.450000 0.376689 
 85.050000 28.450000 0.409090 
 85.100000 28.450000 0.447433 
 85.150000 28.450000 0.456073 
 85.200000 28.450000 0.426041 
 85.250000 28.450000 0.392984 
 85.300000 28.450000 0.393740 
 85.350000 28.450000 0.398374 
 85.400000 28.450000 0.434668 
 85.450000 28.450000 0.447967 
 85.500000 28.450000 0.413490 
 85.550000 28.450000 0.374699 
 85.600000 28.450000 0.342434 
 85.650000 28.450000 0.332045 
 85.700000 28.450000 0.348171 
 85.750000 28.450000 0.366070 
 85.800000 28.450000 0.319141 
 85.850000 28.450000 0.286345 
 85.900000 28.450000 0.272413 
 85.950000 28.450000 0.274184 
 86.000000 28.450000 0.275241 
 86.050000 28.450000 0.260524 
 86.100000 28.450000 0.238661 
 86.150000 28.450000 0.217617 
 86.200000 28.450000 0.217293 
 86.250000 28.450000 0.220519 
 86.300000 28.450000 0.205471 
 86.350000 28.450000 0.188360 
 86.400000 28.450000 0.170860 
 86.450000 28.450000 0.172043 
 86.500000 28.450000 0.184382 
 86.550000 28.450000 0.181136 
 86.600000 28.450000 0.162452 
 86.650000 28.450000 0.140801 
 86.700000 28.450000 0.141160 
 86.750000 28.450000 0.139038 
 86.800000 28.450000 0.135159 
 86.850000 28.450000 0.138281 
 86.900000 28.450000 0.139895 
 86.950000 28.450000 0.128905 
 87.000000 28.450000 0.112940 
 84.000000 28.500000 0.149760 
 84.050000 28.500000 0.147356 
 84.100000 28.500000 0.159468 
 84.150000 28.500000 0.186528 
 84.200000 28.500000 0.198383 
 84.250000 28.500000 0.207806 
 84.300000 28.500000 0.222468 
 84.350000 28.500000 0.223604 
 84.400000 28.500000 0.230489 
 84.450000 28.500000 0.241983 
 84.500000 28.500000 0.258938 
 84.550000 28.500000 0.280816 
 84.600000 28.500000 0.300645 
 84.650000 28.500000 0.312160 
 84.700000 28.500000 0.304446 
 84.750000 28.500000 0.304997 
 84.800000 28.500000 0.319217 
 84.850000 28.500000 0.346843 
 84.900000 28.500000 0.369356 
 84.950000 28.500000 0.362023 
 85.000000 28.500000 0.344293 
 85.050000 28.500000 0.340365 
 85.100000 28.500000 0.357415 
 85.150000 28.500000 0.393786 
 85.200000 28.500000 0.410587 
 85.250000 28.500000 0.392749 
 85.300000 28.500000 0.357372 
 85.350000 28.500000 0.353119 
 85.400000 28.500000 0.358988 
 85.450000 28.500000 0.375194 
 85.500000 28.500000 0.390074 
 85.550000 28.500000 0.380715 
 85.600000 28.500000 0.339226 
 85.650000 28.500000 0.301626 
 85.700000 28.500000 0.297817 
 85.750000 28.500000 0.309537 
 85.800000 28.500000 0.306809 
 85.850000 28.500000 0.289526 
 85.900000 28.500000 0.262270 
 85.950000 28.500000 0.241901 
 86.000000 28.500000 0.245475 
 86.050000 28.500000 0.250059 
 86.100000 28.500000 0.231433 
 86.150000 28.500000 0.215624 
 86.200000 28.500000 0.204078 
 86.250000 28.500000 0.196901 
 86.300000 28.500000 0.202572 
 86.350000 28.500000 0.205235 
 86.400000 28.500000 0.180927 
 86.450000 28.500000 0.156595 
 86.500000 28.500000 0.165542 
 86.550000 28.500000 0.168228 
 86.600000 28.500000 0.163151 
 86.650000 28.500000 0.162009 
 86.700000 28.500000 0.150265 
 86.750000 28.500000 0.139275 
 86.800000 28.500000 0.122975 
 86.850000 28.500000 0.117328 
 86.900000 28.500000 0.127523 
 86.950000 28.500000 0.135392 
 87.000000 28.500000 0.134189 
 84.000000 28.550000 0.158386 
 84.050000 28.550000 0.154333 
 84.100000 28.550000 0.157020 
 84.150000 28.550000 0.173054 
 84.200000 28.550000 0.188985 
 84.250000 28.550000 0.196722 
 84.300000 28.550000 0.209627 
 84.350000 28.550000 0.217222 
 84.400000 28.550000 0.225487 
 84.450000 28.550000 0.234958 
 84.500000 28.550000 0.243517 
 84.550000 28.550000 0.247584 
 84.600000 28.550000 0.262032 
 84.650000 28.550000 0.278433 
 84.700000 28.550000 0.290638 
 84.750000 28.550000 0.284298 
 84.800000 28.550000 0.290891 
 84.850000 28.550000 0.291439 
 84.900000 28.550000 0.309354 
 84.950000 28.550000 0.332092 
 85.000000 28.550000 0.325294 
 85.050000 28.550000 0.323930 
 85.100000 28.550000 0.313936 
 85.150000 28.550000 0.317177 
 85.200000 28.550000 0.346930 
 85.250000 28.550000 0.364640 
 85.300000 28.550000 0.357081 
 85.350000 28.550000 0.337411 
 85.400000 28.550000 0.325018 
 85.450000 28.550000 0.314615 
 85.500000 28.550000 0.336126 
 85.550000 28.550000 0.355946 
 85.600000 28.550000 0.336534 
 85.650000 28.550000 0.305549 
 85.700000 28.550000 0.279925 
 85.750000 28.550000 0.266494 
 85.800000 28.550000 0.269782 
 85.850000 28.550000 0.280615 
 85.900000 28.550000 0.256189 
 85.950000 28.550000 0.234301 
 86.000000 28.550000 0.230872 
 86.050000 28.550000 0.224462 
 86.100000 28.550000 0.229867 
 86.150000 28.550000 0.222853 
 86.200000 28.550000 0.201827 
 86.250000 28.550000 0.185933 
 86.300000 28.550000 0.183383 
 86.350000 28.550000 0.194515 
 86.400000 28.550000 0.189606 
 86.450000 28.550000 0.179513 
 86.500000 28.550000 0.161415 
 86.550000 28.550000 0.152651 
 86.600000 28.550000 0.142083 
 86.650000 28.550000 0.147243 
 86.700000 28.550000 0.151218 
 86.750000 28.550000 0.153221 
 86.800000 28.550000 0.145241 
 86.850000 28.550000 0.116537 
 86.900000 28.550000 0.099282 
 86.950000 28.550000 0.113901 
 87.000000 28.550000 0.136203 
 84.000000 28.600000 0.171830 
 84.050000 28.600000 0.156716 
 84.100000 28.600000 0.157297 
 84.150000 28.600000 0.163304 
 84.200000 28.600000 0.182861 
 84.250000 28.600000 0.200080 
 84.300000 28.600000 0.200954 
 84.350000 28.600000 0.200887 
 84.400000 28.600000 0.209476 
 84.450000 28.600000 0.220059 
 84.500000 28.600000 0.230457 
 84.550000 28.600000 0.242497 
 84.600000 28.600000 0.241873 
 84.650000 28.600000 0.243983 
 84.700000 28.600000 0.250475 
 84.750000 28.600000 0.259358 
 84.800000 28.600000 0.263766 
 84.850000 28.600000 0.278670 
 84.900000 28.600000 0.274025 
 84.950000 28.600000 0.275185 
 85.000000 28.600000 0.297931 
 85.050000 28.600000 0.311934 
 85.100000 28.600000 0.301705 
 85.150000 28.600000 0.292879 
 85.200000 28.600000 0.299298 
 85.250000 28.600000 0.316578 
 85.300000 28.600000 0.336190 
 85.350000 28.600000 0.328000 
 85.400000 28.600000 0.316727 
 85.450000 28.600000 0.300160 
 85.500000 28.600000 0.297115 
 85.550000 28.600000 0.304312 
 85.600000 28.600000 0.312290 
 85.650000 28.600000 0.311184 
 85.700000 28.600000 0.280510 
 85.750000 28.600000 0.255329 
 85.800000 28.600000 0.247975 
 85.850000 28.600000 0.249424 
 85.900000 28.600000 0.248711 
 85.950000 28.600000 0.233568 
 86.000000 28.600000 0.221166 
 86.050000 28.600000 0.212684 
 86.100000 28.600000 0.215693 
 86.150000 28.600000 0.217671 
 86.200000 28.600000 0.203563 
 86.250000 28.600000 0.196264 
 86.300000 28.600000 0.183484 
 86.350000 28.600000 0.170849 
 86.400000 28.600000 0.168380 
 86.450000 28.600000 0.176170 
 86.500000 28.600000 0.175008 
 86.550000 28.600000 0.160036 
 86.600000 28.600000 0.154618 
 86.650000 28.600000 0.130002 
 86.700000 28.600000 0.121419 
 86.750000 28.600000 0.136690 
 86.800000 28.600000 0.155014 
 86.850000 28.600000 0.145636 
 86.900000 28.600000 0.115968 
 86.950000 28.600000 0.094376 
 87.000000 28.600000 0.111348 
 84.000000 28.650000 0.172086 
 84.050000 28.650000 0.174219 
 84.100000 28.650000 0.162588 
 84.150000 28.650000 0.159198 
 84.200000 28.650000 0.166788 
 84.250000 28.650000 0.192255 
 84.300000 28.650000 0.204933 
 84.350000 28.650000 0.203859 
 84.400000 28.650000 0.196936 
 84.450000 28.650000 0.195381 
 84.500000 28.650000 0.203715 
 84.550000 28.650000 0.216923 
 84.600000 28.650000 0.233462 
 84.650000 28.650000 0.234512 
 84.700000 28.650000 0.230896 
 84.750000 28.650000 0.223014 
 84.800000 28.650000 0.236629 
 84.850000 28.650000 0.255337 
 84.900000 28.650000 0.269160 
 84.950000 28.650000 0.256542 
 85.000000 28.650000 0.262049 
 85.050000 28.650000 0.274354 
 85.100000 28.650000 0.290988 
 85.150000 28.650000 0.288161 
 85.200000 28.650000 0.281127 
 85.250000 28.650000 0.280516 
 85.300000 28.650000 0.298573 
 85.350000 28.650000 0.309507 
 85.400000 28.650000 0.302650 
 85.450000 28.650000 0.297138 
 85.500000 28.650000 0.281715 
 85.550000 28.650000 0.270905 
 85.600000 28.650000 0.273269 
 85.650000 28.650000 0.284010 
 85.700000 28.650000 0.283407 
 85.750000 28.650000 0.257572 
 85.800000 28.650000 0.244180 
 85.850000 28.650000 0.230023 
 85.900000 28.650000 0.229550 
 85.950000 28.650000 0.233527 
 86.000000 28.650000 0.218806 
 86.050000 28.650000 0.206896 
 86.100000 28.650000 0.206666 
 86.150000 28.650000 0.195442 
 86.200000 28.650000 0.193091 
 86.250000 28.650000 0.201463 
 86.300000 28.650000 0.197540 
 86.350000 28.650000 0.183125 
 86.400000 28.650000 0.161231 
 86.450000 28.650000 0.150732 
 86.500000 28.650000 0.153259 
 86.550000 28.650000 0.168244 
 86.600000 28.650000 0.170229 
 86.650000 28.650000 0.159464 
 86.700000 28.650000 0.116877 
 86.750000 28.650000 0.105376 
 86.800000 28.650000 0.121519 
 86.850000 28.650000 0.139374 
 86.900000 28.650000 0.136827 
 86.950000 28.650000 0.113647 
 87.000000 28.650000 0.098820 
 84.000000 28.700000 0.157994 
 84.050000 28.700000 0.182265 
 84.100000 28.700000 0.185499 
 84.150000 28.700000 0.167924 
 84.200000 28.700000 0.158263 
 84.250000 28.700000 0.163379 
 84.300000 28.700000 0.187858 
 84.350000 28.700000 0.205641 
 84.400000 28.700000 0.201426 
 84.450000 28.700000 0.196670 
 84.500000 28.700000 0.189179 
 84.550000 28.700000 0.190551 
 84.600000 28.700000 0.202487 
 84.650000 28.700000 0.226215 
 84.700000 28.700000 0.230397 
 84.750000 28.700000 0.219391 
 84.800000 28.700000 0.208479 
 84.850000 28.700000 0.219586 
 84.900000 28.700000 0.248888 
 84.950000 28.700000 0.260900 
 85.000000 28.700000 0.253170 
 85.050000 28.700000 0.248782 
 85.100000 28.700000 0.260920 
 85.150000 28.700000 0.277783 
 85.200000 28.700000 0.279289 
 85.250000 28.700000 0.272125 
 85.300000 28.700000 0.273545 
 85.350000 28.700000 0.270257 
 85.400000 28.700000 0.281156 
 85.450000 28.700000 0.289923 
 85.500000 28.700000 0.276902 
 85.550000 28.700000 0.261088 
 85.600000 28.700000 0.253025 
 85.650000 28.700000 0.247683 
 85.700000 28.700000 0.258617 
 85.750000 28.700000 0.267114 
 85.800000 28.700000 0.236717 
 85.850000 28.700000 0.218265 
 85.900000 28.700000 0.217063 
 85.950000 28.700000 0.221018 
 86.000000 28.700000 0.221351 
 86.050000 28.700000 0.209700 
 86.100000 28.700000 0.203189 
 86.150000 28.700000 0.190646 
 86.200000 28.700000 0.180730 
 86.250000 28.700000 0.181277 
 86.300000 28.700000 0.186850 
 86.350000 28.700000 0.188695 
 86.400000 28.700000 0.191816 
 86.450000 28.700000 0.155074 
 86.500000 28.700000 0.126735 
 86.550000 28.700000 0.134465 
 86.600000 28.700000 0.151049 
 86.650000 28.700000 0.160972 
 86.700000 28.700000 0.156544 
 86.750000 28.700000 0.119061 
 86.800000 28.700000 0.094054 
 86.850000 28.700000 0.109854 
 86.900000 28.700000 0.131608 
 86.950000 28.700000 0.120773 
 87.000000 28.700000 0.104407 
 84.000000 28.750000 0.136758 
 84.050000 28.750000 0.165424 
 84.100000 28.750000 0.194640 
 84.150000 28.750000 0.186936 
 84.200000 28.750000 0.171733 
 84.250000 28.750000 0.160899 
 84.300000 28.750000 0.160939 
 84.350000 28.750000 0.179712 
 84.400000 28.750000 0.198370 
 84.450000 28.750000 0.200110 
 84.500000 28.750000 0.194641 
 84.550000 28.750000 0.183394 
 84.600000 28.750000 0.174865 
 84.650000 28.750000 0.190074 
 84.700000 28.750000 0.222661 
 84.750000 28.750000 0.231449 
 84.800000 28.750000 0.222172 
 84.850000 28.750000 0.202299 
 84.900000 28.750000 0.207681 
 84.950000 28.750000 0.245769 
 85.000000 28.750000 0.260844 
 85.050000 28.750000 0.248021 
 85.100000 28.750000 0.243280 
 85.150000 28.750000 0.253597 
 85.200000 28.750000 0.263608 
 85.250000 28.750000 0.271100 
 85.300000 28.750000 0.269002 
 85.350000 28.750000 0.253926 
 85.400000 28.750000 0.258723 
 85.450000 28.750000 0.261472 
 85.500000 28.750000 0.266011 
 85.550000 28.750000 0.262975 
 85.600000 28.750000 0.241640 
 85.650000 28.750000 0.231247 
 85.700000 28.750000 0.229789 
 85.750000 28.750000 0.249707 
 85.800000 28.750000 0.244380 
 85.850000 28.750000 0.216184 
 85.900000 28.750000 0.207757 
 85.950000 28.750000 0.205906 
 86.000000 28.750000 0.212204 
 86.050000 28.750000 0.214174 
 86.100000 28.750000 0.196582 
 86.150000 28.750000 0.194880 
 86.200000 28.750000 0.193079 
 86.250000 28.750000 0.171686 
 86.300000 28.750000 0.153623 
 86.350000 28.750000 0.171871 
 86.400000 28.750000 0.184383 
 86.450000 28.750000 0.174834 
 86.500000 28.750000 0.158300 
 86.550000 28.750000 0.118989 
 86.600000 28.750000 0.112615 
 86.650000 28.750000 0.131211 
 86.700000 28.750000 0.150604 
 86.750000 28.750000 0.145141 
 86.800000 28.750000 0.113406 
 86.850000 28.750000 0.099819 
 86.900000 28.750000 0.109708 
 86.950000 28.750000 0.114058 
 87.000000 28.750000 0.101427 
 84.000000 28.800000 0.142445 
 84.050000 28.800000 0.143224 
 84.100000 28.800000 0.166250 
 84.150000 28.800000 0.191863 
 84.200000 28.800000 0.188367 
 84.250000 28.800000 0.173214 
 84.300000 28.800000 0.161241 
 84.350000 28.800000 0.160421 
 84.400000 28.800000 0.171137 
 84.450000 28.800000 0.188731 
 84.500000 28.800000 0.200482 
 84.550000 28.800000 0.192232 
 84.600000 28.800000 0.185989 
 84.650000 28.800000 0.173100 
 84.700000 28.800000 0.184031 
 84.750000 28.800000 0.224814 
 84.800000 28.800000 0.238300 
 84.850000 28.800000 0.222569 
 84.900000 28.800000 0.206454 
 84.950000 28.800000 0.215238 
 85.000000 28.800000 0.243902 
 85.050000 28.800000 0.255820 
 85.100000 28.800000 0.254844 
 85.150000 28.800000 0.243233 
 85.200000 28.800000 0.247733 
 85.250000 28.800000 0.259326 
 85.300000 28.800000 0.257336 
 85.350000 28.800000 0.254075 
 85.400000 28.800000 0.247668 
 85.450000 28.800000 0.237409 
 85.500000 28.800000 0.243505 
 85.550000 28.800000 0.251853 
 85.600000 28.800000 0.241236 
 85.650000 28.800000 0.225923 
 85.700000 28.800000 0.216981 
 85.750000 28.800000 0.215584 
 85.800000 28.800000 0.235743 
 85.850000 28.800000 0.232034 
 85.900000 28.800000 0.205668 
 85.950000 28.800000 0.195959 
 86.000000 28.800000 0.201779 
 86.050000 28.800000 0.199098 
 86.100000 28.800000 0.190231 
 86.150000 28.800000 0.186722 
 86.200000 28.800000 0.195227 
 86.250000 28.800000 0.184769 
 86.300000 28.800000 0.155181 
 86.350000 28.800000 0.142718 
 86.400000 28.800000 0.148792 
 86.450000 28.800000 0.158887 
 86.500000 28.800000 0.173510 
 86.550000 28.800000 0.153371 
 86.600000 28.800000 0.115026 
 86.650000 28.800000 0.107318 
 86.700000 28.800000 0.118238 
 86.750000 28.800000 0.126400 
 86.800000 28.800000 0.122706 
 86.850000 28.800000 0.108695 
 86.900000 28.800000 0.102372 
 86.950000 28.800000 0.111055 
 87.000000 28.800000 0.109294 
 84.000000 28.850000 0.164448 
 84.050000 28.850000 0.148637 
 84.100000 28.850000 0.144095 
 84.150000 28.850000 0.165352 
 84.200000 28.850000 0.183123 
 84.250000 28.850000 0.183965 
 84.300000 28.850000 0.177046 
 84.350000 28.850000 0.166884 
 84.400000 28.850000 0.164540 
 84.450000 28.850000 0.165704 
 84.500000 28.850000 0.176464 
 84.550000 28.850000 0.196298 
 84.600000 28.850000 0.201302 
 84.650000 28.850000 0.194193 
 84.700000 28.850000 0.177434 
 84.750000 28.850000 0.192314 
 84.800000 28.850000 0.222000 
 84.850000 28.850000 0.238695 
 84.900000 28.850000 0.230442 
 84.950000 28.850000 0.217013 
 85.000000 28.850000 0.219035 
 85.050000 28.850000 0.237669 
 85.100000 28.850000 0.251293 
 85.150000 28.850000 0.246697 
 85.200000 28.850000 0.237516 
 85.250000 28.850000 0.240748 
 85.300000 28.850000 0.242649 
 85.350000 28.850000 0.247958 
 85.400000 28.850000 0.239159 
 85.450000 28.850000 0.228970 
 85.500000 28.850000 0.225503 
 85.550000 28.850000 0.231467 
 85.600000 28.850000 0.238064 
 85.650000 28.850000 0.226137 
 85.700000 28.850000 0.206823 
 85.750000 28.850000 0.198041 
 85.800000 28.850000 0.207032 
 85.850000 28.850000 0.226776 
 85.900000 28.850000 0.212577 
 85.950000 28.850000 0.197612 
 86.000000 28.850000 0.192719 
 86.050000 28.850000 0.184947 
 86.100000 28.850000 0.176168 
 86.150000 28.850000 0.175187 
 86.200000 28.850000 0.174116 
 86.250000 28.850000 0.178504 
 86.300000 28.850000 0.182628 
 86.350000 28.850000 0.153017 
 86.400000 28.850000 0.126805 
 86.450000 28.850000 0.130075 
 86.500000 28.850000 0.144015 
 86.550000 28.850000 0.148784 
 86.600000 28.850000 0.136699 
 86.650000 28.850000 0.115743 
 86.700000 28.850000 0.101956 
 86.750000 28.850000 0.106495 
 86.800000 28.850000 0.112116 
 86.850000 28.850000 0.101214 
 86.900000 28.850000 0.099272 
 86.950000 28.850000 0.101409 
 87.000000 28.850000 0.111020 
 84.000000 28.900000 0.181069 
 84.050000 28.900000 0.175023 
 84.100000 28.900000 0.155978 
 84.150000 28.900000 0.152341 
 84.200000 28.900000 0.168647 
 84.250000 28.900000 0.177428 
 84.300000 28.900000 0.176234 
 84.350000 28.900000 0.176287 
 84.400000 28.900000 0.174764 
 84.450000 28.900000 0.172607 
 84.500000 28.900000 0.167314 
 84.550000 28.900000 0.174929 
 84.600000 28.900000 0.199071 
 84.650000 28.900000 0.209131 
 84.700000 28.900000 0.200757 
 84.750000 28.900000 0.190923 
 84.800000 28.900000 0.197323 
 84.850000 28.900000 0.225398 
 84.900000 28.900000 0.238327 
 84.950000 28.900000 0.231128 
 85.000000 28.900000 0.219213 
 85.050000 28.900000 0.227395 
 85.100000 28.900000 0.236587 
 85.150000 28.900000 0.242138 
 85.200000 28.900000 0.237660 
 85.250000 28.900000 0.226678 
 85.300000 28.900000 0.229715 
 85.350000 28.900000 0.235755 
 85.400000 28.900000 0.235398 
 85.450000 28.900000 0.220398 
 85.500000 28.900000 0.209635 
 85.550000 28.900000 0.209374 
 85.600000 28.900000 0.219782 
 85.650000 28.900000 0.232290 
 85.700000 28.900000 0.218357 
 85.750000 28.900000 0.193032 
 85.800000 28.900000 0.191835 
 85.850000 28.900000 0.193057 
 85.900000 28.900000 0.209316 
 85.950000 28.900000 0.204205 
 86.000000 28.900000 0.191066 
 86.050000 28.900000 0.181462 
 86.100000 28.900000 0.174897 
 86.150000 28.900000 0.165031 
 86.200000 28.900000 0.151835 
 86.250000 28.900000 0.157199 
 86.300000 28.900000 0.166929 
 86.350000 28.900000 0.164072 
 86.400000 28.900000 0.144167 
 86.450000 28.900000 0.121442 
 86.500000 28.900000 0.114591 
 86.550000 28.900000 0.117820 
 86.600000 28.900000 0.130399 
 86.650000 28.900000 0.122149 
 86.700000 28.900000 0.106410 
 86.750000 28.900000 0.105486 
 86.800000 28.900000 0.108020 
 86.850000 28.900000 0.101336 
 86.900000 28.900000 0.091603 
 86.950000 28.900000 0.084194 
 87.000000 28.900000 0.089811 
 84.000000 28.950000 0.175650 
 84.050000 28.950000 0.180631 
 84.100000 28.950000 0.171665 
 84.150000 28.950000 0.160514 
 84.200000 28.950000 0.166357 
 84.250000 28.950000 0.173388 
 84.300000 28.950000 0.174263 
 84.350000 28.950000 0.167906 
 84.400000 28.950000 0.171504 
 84.450000 28.950000 0.180807 
 84.500000 28.950000 0.183981 
 84.550000 28.950000 0.179708 
 84.600000 28.950000 0.185270 
 84.650000 28.950000 0.198532 
 84.700000 28.950000 0.221301 
 84.750000 28.950000 0.214768 
 84.800000 28.950000 0.201214 
 84.850000 28.950000 0.209968 
 84.900000 28.950000 0.227661 
 84.950000 28.950000 0.238782 
 85.000000 28.950000 0.231567 
 85.050000 28.950000 0.217064 
 85.100000 28.950000 0.221899 
 85.150000 28.950000 0.231601 
 85.200000 28.950000 0.231715 
 85.250000 28.950000 0.220752 
 85.300000 28.950000 0.207129 
 85.350000 28.950000 0.217047 
 85.400000 28.950000 0.226619 
 85.450000 28.950000 0.223207 
 85.500000 28.950000 0.207078 
 85.550000 28.950000 0.190050 
 85.600000 28.950000 0.186289 
 85.650000 28.950000 0.209217 
 85.700000 28.950000 0.220518 
 85.750000 28.950000 0.207248 
 85.800000 28.950000 0.184995 
 85.850000 28.950000 0.175062 
 85.900000 28.950000 0.180046 
 85.950000 28.950000 0.192652 
 86.000000 28.950000 0.178792 
 86.050000 28.950000 0.175272 
 86.100000 28.950000 0.174822 
 86.150000 28.950000 0.163831 
 86.200000 28.950000 0.143580 
 86.250000 28.950000 0.130707 
 86.300000 28.950000 0.135488 
 86.350000 28.950000 0.141092 
 86.400000 28.950000 0.149003 
 86.450000 28.950000 0.132895 
 86.500000 28.950000 0.110734 
 86.550000 28.950000 0.108007 
 86.600000 28.950000 0.110612 
 86.650000 28.950000 0.106169 
 86.700000 28.950000 0.101274 
 86.750000 28.950000 0.100190 
 86.800000 28.950000 0.097255 
 86.850000 28.950000 0.097994 
 86.900000 28.950000 0.099094 
 86.950000 28.950000 0.090836 
 87.000000 28.950000 0.081260 
 84.000000 29.000000 0.166685 
 84.050000 29.000000 0.175405 
 84.100000 29.000000 0.172795 
 84.150000 29.000000 0.165867 
 84.200000 29.000000 0.165375 
 84.250000 29.000000 0.178050 
 84.300000 29.000000 0.184382 
 84.350000 29.000000 0.172995 
 84.400000 29.000000 0.169603 
 84.450000 29.000000 0.176254 
 84.500000 29.000000 0.191499 
 84.550000 29.000000 0.195518 
 84.600000 29.000000 0.191655 
 84.650000 29.000000 0.191648 
 84.700000 29.000000 0.210991 
 84.750000 29.000000 0.221462 
 84.800000 29.000000 0.211713 
 84.850000 29.000000 0.208880 
 84.900000 29.000000 0.216419 
 84.950000 29.000000 0.224919 
 85.000000 29.000000 0.230169 
 85.050000 29.000000 0.219245 
 85.100000 29.000000 0.211192 
 85.150000 29.000000 0.219899 
 85.200000 29.000000 0.228677 
 85.250000 29.000000 0.216111 
 85.300000 29.000000 0.200454 
 85.350000 29.000000 0.190201 
 85.400000 29.000000 0.201906 
 85.450000 29.000000 0.219562 
 85.500000 29.000000 0.216213 
 85.550000 29.000000 0.191590 
 85.600000 29.000000 0.174044 
 85.650000 29.000000 0.173874 
 85.700000 29.000000 0.190252 
 85.750000 29.000000 0.206245 
 85.800000 29.000000 0.195532 
 85.850000 29.000000 0.181811 
 85.900000 29.000000 0.172360 
 85.950000 29.000000 0.166330 
 86.000000 29.000000 0.164447 
 86.050000 29.000000 0.163641 
 86.100000 29.000000 0.163005 
 86.150000 29.000000 0.159306 
 86.200000 29.000000 0.156696 
 86.250000 29.000000 0.131282 
 86.300000 29.000000 0.110541 
 86.350000 29.000000 0.113942 
 86.400000 29.000000 0.122805 
 86.450000 29.000000 0.125680 
 86.500000 29.000000 0.117476 
 86.550000 29.000000 0.107522 
 86.600000 29.000000 0.101768 
 86.650000 29.000000 0.094998 
 86.700000 29.000000 0.097202 
 86.750000 29.000000 0.093140 
 86.800000 29.000000 0.086013 
 86.850000 29.000000 0.092632 
 86.900000 29.000000 0.097102 
 86.950000 29.000000 0.090871 
 87.000000 29.000000 0.096734 