          Origin time           Lat      Lon     Dp  Mag
2015 (115) 04 25 06 11 24.04   28.2264   84.7647  12.0  7.6 2015115061124
2015 (115) 04 25 06 15 13.50   28.4202   84.9343  12.0  6.0 2015115061513
2015 (115) 04 25 06 18 30.84   28.1473   84.7512  12.0  5.7 2015115061830
2015 (115) 04 25 06 20 48.78   28.0531   85.0008  12.0  5.8 2015115062048
2015 (115) 04 25 06 22  3.77   27.8096   85.1295  10.8  5.2 2015115062203
2015 (115) 04 25 06 25 55.11   27.7827   85.6612   3.8  5.7 2015115062555
2015 (115) 04 25 06 28  5.60   27.7796   85.6707  18.0  5.2 2015115062805
2015 (115) 04 25 06 29 49.50   27.9940   85.2978  10.8  5.0 2015115062949
2015 (115) 04 25 06 36 26.07   27.8601   85.5419  18.0  4.9 2015115063626
2015 (115) 04 25 06 37 59.79   27.7929   85.8648  16.5  5.7 2015115063759
2015 (115) 04 25 06 44 39.27   27.5180   85.6127  13.4  5.0 2015115064439
2015 (115) 04 25 06 45 19.99   28.2208   84.9091  12.0  6.7 2015115064519
2015 (115) 04 25 06 53 42.40   27.7077   85.3191  12.4  4.8 2015115065342
2015 (115) 04 25 06 56 34.97   27.8335   85.7605  11.3  5.8 2015115065634
2015 (115) 04 25 06 58 28.88   27.7248   85.9910  15.0  5.5 2015115065828
2015 (115) 04 25 07 03 19.23   27.3650   86.0075  19.0  4.9 2015115070319
2015 (115) 04 25 07 03 52.50   28.0528   84.8954   0.0  4.9 2015115070352
2015 (115) 04 25 07 04 59.36   27.8993   84.9034  11.3  4.3 2015115070459
2015 (115) 04 25 07 05 29.50   27.9341   85.5582   9.5  4.7 2015115070529
2015 (115) 04 25 07 08  1.94   27.7741   85.9328  14.1  5.4 2015115070801
2015 (115) 04 25 07 13 46.47   27.8644   85.7308   8.7  4.7 2015115071346
2015 (115) 04 25 07 16 40.06   27.8902   84.9110  12.0  4.4 2015115071640
2015 (115) 04 25 07 16 56.29   27.8119   85.7133  13.8  5.3 2015115071656
2015 (115) 04 25 07 20 18.56   27.7794   85.9046  19.0  4.5 2015115072018
2015 (115) 04 25 07 22 34.99   27.6944   85.2608   7.7  4.7 2015115072234
2015 (115) 04 25 07 23 39.30   27.9614   85.8835   8.2  5.1 2015115072339
2015 (115) 04 25 07 33 48.86   27.7059   85.1987  14.6  4.7 2015115073348
2015 (115) 04 25 07 34 55.17   27.9416   85.5045  18.0  4.5 2015115073455
2015 (115) 04 25 07 38 35.01   27.9593   84.9345  12.0  4.1 2015115073835
2015 (115) 04 25 07 39 34.86   27.7133   85.7416  11.2  4.9 2015115073934
2015 (115) 04 25 07 39 35.28   27.7171   85.7422   7.7  4.8 2015115073935
2015 (115) 04 25 07 47  3.04   27.9390   85.6661  16.6  5.4 2015115074703
2015 (115) 04 25 07 55 45.33   27.8979   85.5294   9.0  4.8 2015115075545
2015 (115) 04 25 07 59 14.73   27.8933   85.7634  15.6  4.8 2015115075914
2015 (115) 04 25 08 05 39.47   27.7896   85.8175  12.0  4.9 2015115080539
2015 (115) 04 25 08 09 26.41   27.8690   85.5517  22.7  4.7 2015115080926
2015 (115) 04 25 08 11  8.69   27.9066   85.2938  14.1  4.3 2015115081108
2015 (115) 04 25 08 11 10.39   27.8348   85.2468  10.2  4.4 2015115081110
2015 (115) 04 25 08 17  0.43   27.7452   85.8117  15.2  5.4 2015115081700
2015 (115) 04 25 08 18 52.05   27.9593   85.3506  18.0  4.8 2015115081852
2015 (115) 04 25 08 20 12.41   27.7927   85.8530  17.7  5.4 2015115082012
2015 (115) 04 25 08 20 48.00   27.7705   85.1954  23.9  5.8 2015115082048
2015 (115) 04 25 08 22 48.87   27.8808   85.5889  10.9  5.1 2015115082248
2015 (115) 04 25 08 29 23.11   28.2092   84.8556   6.9  5.6 2015115082923
2015 (115) 04 25 08 31 34.21   27.8273   85.9988  17.8  5.0 2015115083134
2015 (115) 04 25 08 36  4.89   27.7466   85.2334  10.3  5.2 2015115083604
2015 (115) 04 25 08 43 54.81   27.7571   85.2250  28.5  4.1 2015115084354
2015 (115) 04 25 08 49 10.26   27.7738   85.1373  11.7  5.4 2015115084910
2015 (115) 04 25 08 53 40.12   27.8052   85.7592  10.0  4.5 2015115085340
2015 (115) 04 25 08 55 56.56   27.6295   85.5613  10.9  5.8 2015115085556
2015 (115) 04 25 09 01 52.44   27.8001   85.1811  12.0  4.3 2015115090152
2015 (115) 04 25 09 03 15.18   28.0092   85.5242   4.3  5.5 2015115090315
2015 (115) 04 25 09 13 24.65   27.4840   85.5205  15.6  4.0 2015115091324
2015 (115) 04 25 09 21 18.50   27.6407   85.9903  13.9  5.0 2015115092118
2015 (115) 04 25 09 28  2.77   28.0510   85.2858  14.3  4.8 2015115092802
2015 (115) 04 25 09 30 31.18   27.9211   85.5777  18.0  5.6 2015115093031
2015 (115) 04 25 09 33 21.55   27.8895   85.7459   8.8  4.7 2015115093321
2015 (115) 04 25 09 34 11.63   28.1554   85.3117  18.0  4.6 2015115093411
2015 (115) 04 25 09 38 49.57   28.2924   84.8283  35.0  4.4 2015115093849
2015 (115) 04 25 09 43  1.50   28.1077   85.1697  33.5  5.0 2015115094301
2015 (115) 04 25 09 53 33.35   27.6369   85.7970  18.2  4.7 2015115095333
2015 (115) 04 25 09 55 15.92   27.8363   85.8974  15.5  4.3 2015115095515
2015 (115) 04 25 10 04 19.56   27.6416   85.5603   9.9  4.2 2015115100419
2015 (115) 04 25 10 10 34.61   28.1410   84.7053   0.0  4.6 2015115101034
2015 (115) 04 25 10 22 44.58   27.9582   84.5852  12.0  4.4 2015115102244
2015 (115) 04 25 10 23 18.95   27.8573   85.8224   9.5  5.1 2015115102318
2015 (115) 04 25 10 34 35.16   27.8569   85.4479   3.9  4.4 2015115103435
2015 (115) 04 25 10 40 14.35   27.8049   85.8373  19.0  4.7 2015115104014
2015 (115) 04 25 10 47 31.85   27.7692   85.1484  11.7  4.4 2015115104731
2015 (115) 04 25 10 50 47.33   28.0278   84.9129  12.1  4.7 2015115105047
2015 (115) 04 25 10 52  2.05   27.5993   85.5918   0.0  4.4 2015115105202
2015 (115) 04 25 10 53 45.62   27.8211   85.9251  15.8  5.2 2015115105345
2015 (115) 04 25 11 05  1.59   27.9053   85.5569   7.1  5.2 2015115110501
2015 (115) 04 25 11 15 18.02   27.6673   85.9612  19.0  4.2 2015115111518
2015 (115) 04 25 11 18 33.60   27.6234   85.9527  19.0  4.6 2015115111833
2015 (115) 04 25 11 23 52.86   28.1008   85.4598   7.3  5.0 2015115112352
2015 (115) 04 25 11 41 51.39   28.0872   85.2746  18.0  4.6 2015115114151
2015 (115) 04 25 11 56 17.18   27.8062   85.4516  27.1  4.0 2015115115617
2015 (115) 04 25 12 01 13.20   27.8920   85.8655   9.5  4.9 2015115120113
2015 (115) 04 25 12 12 15.48   27.7013   85.9500  18.9  4.9 2015115121215
2015 (115) 04 25 12 14 26.81   27.7318   85.1655  12.3  4.0 2015115121426
2015 (115) 04 25 12 17 55.12   28.0351   85.4067   9.6  5.0 2015115121755
2015 (115) 04 25 12 17 55.59   28.0091   85.3938  10.9  5.1 2015115121755
2015 (115) 04 25 12 20 18.28   27.9017   85.5622  18.0  4.3 2015115122018
2015 (115) 04 25 12 25 36.53   27.7584   85.2976  24.7  4.6 2015115122536
2015 (115) 04 25 12 39 55.47   27.7530   86.0548  13.4  4.6 2015115123955
2015 (115) 04 25 12 44  5.90   28.1389   84.6917  11.3  5.6 2015115124405
2015 (115) 04 25 12 47 39.82   27.6304   85.7438  35.0  4.7 2015115124739
2015 (115) 04 25 13 00 11.80   27.9626   85.1646  12.0  4.3 2015115130011
2015 (115) 04 25 13 11 54.14   28.1486   85.1176   6.7  4.2 2015115131154
2015 (115) 04 25 13 19 30.27   27.9709   85.2030  14.3  4.4 2015115131930
2015 (115) 04 25 13 21 45.16   27.7227   86.0422  20.1  4.8 2015115132145
2015 (115) 04 25 13 29 33.11   27.8255   85.8364  22.8  4.1 2015115132933
2015 (115) 04 25 13 29 33.28   27.7616   85.8371  14.3  4.5 2015115132933
2015 (115) 04 25 13 30 29.53   28.0703   85.2233  27.4  5.0 2015115133029
2015 (115) 04 25 13 36 15.82   27.6705   86.0383  12.0  5.1 2015115133615
2015 (115) 04 25 13 48 16.91   27.8597   85.7069  14.1  4.0 2015115134816
2015 (115) 04 25 13 53  5.96   27.8124   85.2303  23.4  4.4 2015115135305
2015 (115) 04 25 13 55 45.69   28.0403   85.2608   9.9  4.2 2015115135545
2015 (115) 04 25 14 02 23.33   27.6899   85.3080   8.4  4.1 2015115140223
2015 (115) 04 25 14 10  4.22   27.7108   85.9161  10.8  5.0 2015115141004
2015 (115) 04 25 14 23 13.46   28.0459   85.2481  11.7  4.7 2015115142313
2015 (115) 04 25 14 30 13.84   27.8617   85.6888  13.8  4.3 2015115143013
2015 (115) 04 25 14 36 35.01   27.5838   86.1055   9.1  4.8 2015115143635
2015 (115) 04 25 14 38 23.00   28.0926   85.2554  10.7  4.3 2015115143823
2015 (115) 04 25 14 48 48.44   27.8783   85.7559  13.3  4.2 2015115144848
2015 (115) 04 25 14 51 21.63   28.1329   85.1473  12.0  4.7 2015115145121
2015 (115) 04 25 14 54 50.12   28.0772   85.3971  11.5  4.3 2015115145450
2015 (115) 04 25 14 59 56.66   27.6683   86.0099  10.0  4.3 2015115145956
2015 (115) 04 25 15 11 25.95   27.7858   85.9095  15.2  4.4 2015115151125
2015 (115) 04 25 15 17 16.41   27.8842   85.5496  24.9  4.6 2015115151716
2015 (115) 04 25 15 17 17.08   27.9159   85.5340   7.5  4.4 2015115151717
2015 (115) 04 25 15 27 52.58   27.9281   85.8965  13.4  4.2 2015115152752
2015 (115) 04 25 15 33 23.24   27.6671   85.9583  10.2  4.2 2015115153323
2015 (115) 04 25 15 43 44.22   27.9466   85.5348  20.9  4.5 2015115154344
2015 (115) 04 25 15 50 55.91   28.2605   85.9047   4.3  4.2 2015115155055
2015 (115) 04 25 15 53 24.99   27.9162   84.9112  12.0  4.1 2015115155324
2015 (115) 04 25 16 24  1.10   27.6431   85.6715  13.0  4.3 2015115162401
2015 (115) 04 25 16 27 23.73   27.9140   85.6619  12.3  5.6 2015115162723
2015 (115) 04 25 16 41 12.66   28.0295   85.2237  13.3  4.2 2015115164112
2015 (115) 04 25 16 46 39.49   27.8196   85.2943   8.5  4.0 2015115164639
2015 (115) 04 25 17 34 11.70   27.7516   85.8379  12.1  4.2 2015115173411
2015 (115) 04 25 17 42 51.35   28.3521   85.9118  11.6  5.7 2015115174251
2015 (115) 04 25 17 46 15.27   28.2112   85.8984  18.1  5.0 2015115174615
2015 (115) 04 25 17 55 53.60   28.1106   85.3113  14.1  4.2 2015115175553
2015 (115) 04 25 18 01 28.16   27.8031   85.9914  19.0  4.4 2015115180128
2015 (115) 04 25 18 13 35.74   27.9892   85.4867   8.0  4.1 2015115181335
2015 (115) 04 25 18 29 43.20   27.9310   85.5749  22.0  4.3 2015115182943
2015 (115) 04 25 18 50 40.58   28.1726   84.7469  35.0  4.1 2015115185040
2015 (115) 04 25 18 58 34.01   27.6940   85.4425  10.6  4.6 2015115185834
2015 (115) 04 25 19 10 42.74   27.8839   84.9490  10.6  4.1 2015115191042
2015 (115) 04 25 19 11 52.21   28.1033   85.1440  12.6  4.2 2015115191152
2015 (115) 04 25 19 16  9.54   27.8846   85.8446  20.2  4.2 2015115191609
2015 (115) 04 25 19 44 24.19   27.9350   85.5661   8.8  4.2 2015115194424
2015 (115) 04 25 19 46  2.24   28.1816   84.7562  14.1  4.1 2015115194602
2015 (115) 04 25 19 58 34.08   27.6540   85.9580  11.0  4.1 2015115195834
2015 (115) 04 25 20 04 31.27   28.0206   85.3541  23.0  4.3 2015115200431
2015 (115) 04 25 20 11 33.98   27.9232   85.5770   9.4  4.4 2015115201133
2015 (115) 04 25 20 23 31.77   28.2869   85.8573   4.0  4.6 2015115202331
2015 (115) 04 25 20 29 52.26   28.2176   84.7951  11.0  4.5 2015115202952
2015 (115) 04 25 20 32 49.23   27.6673   85.9887  12.5  5.1 2015115203249
2015 (115) 04 25 21 04 30.24   27.9643   84.9734  14.5  4.3 2015115210430
2015 (115) 04 25 21 07 19.02   27.7831   85.7921  19.0  5.1 2015115210719
2015 (115) 04 25 21 14 21.00   28.0629   85.2351   9.8  4.0 2015115211421
2015 (115) 04 25 21 31 22.87   27.9077   85.6410  13.9  4.2 2015115213122
2015 (115) 04 25 21 32 27.56   27.8447   85.7895  13.8  4.1 2015115213227
2015 (115) 04 25 21 46 39.29   28.0718   84.7810  15.3  4.2 2015115214639
2015 (115) 04 25 21 50  8.72   27.8358   85.5409   8.4  4.3 2015115215008
2015 (115) 04 25 21 57 26.07   27.5350   85.7433  14.3  4.1 2015115215726
2015 (115) 04 25 22 20  8.04   28.0942   85.2612  10.7  4.1 2015115222008
2015 (115) 04 25 22 25 38.99   27.7211   85.8529  10.9  4.0 2015115222538
2015 (115) 04 25 23 11 36.78   28.0814   84.7527  12.5  4.0 2015115231136
2015 (115) 04 25 23 12 52.71   27.6314   86.0951  11.6  4.4 2015115231252
2015 (115) 04 25 23 15 21.51   28.0148   84.9405  14.2  4.0 2015115231521
2015 (115) 04 25 23 16 15.73   27.9086   85.0051  14.1  6.0 2015115231615
2015 (115) 04 25 23 21 14.92   27.9570   85.5142   9.2  4.7 2015115232114
2015 (115) 04 25 23 41 53.21   27.6915   86.0821  29.5  4.5 2015115234153
2015 (115) 04 25 23 47 14.16   28.0556   85.3332  15.5  4.2 2015115234714
2015 (115) 04 25 23 55 46.83   27.7407   85.8197   9.1  4.4 2015115235546
2015 (115) 04 25 23 58 22.69   27.9316   85.5007   7.3  4.3 2015115235822
2015 (115) 04 25 23 59  1.38   28.1222   84.8019  35.0  4.1 2015115235901
2015 (116) 04 26 00 09  1.52   27.6574   85.9658  10.6  4.1 2015116000901
2015 (116) 04 26 00 15 29.49   27.6757   85.2714  11.1  4.1 2015116001529
2015 (116) 04 26 00 32 41.86   27.8239   85.1288   8.6  4.2 2015116003241
2015 (116) 04 26 00 39 12.06   27.8040   86.0679   5.1  4.2 2015116003912
2015 (116) 04 26 00 41 42.27   27.9102   85.5494  10.5  4.0 2015116004142
2015 (116) 04 26 01 17 52.15   28.1883   84.7760  13.3  4.1 2015116011752
2015 (116) 04 26 01 23  5.48   27.8681   85.8825   4.9  4.2 2015116012305
2015 (116) 04 26 02 02 11.73   27.9308   85.6407  18.0  4.1 2015116020211
2015 (116) 04 26 02 06 37.37   28.1080   85.3572  12.1  4.2 2015116020637
2015 (116) 04 26 02 21 21.28   27.6439   86.0488  10.5  4.2 2015116022121
2015 (116) 04 26 02 33 27.22   27.6204   86.0123  12.4  4.4 2015116023327
2015 (116) 04 26 02 37 44.11   27.7600   85.8338  10.2  4.0 2015116023744
2015 (116) 04 26 02 48 37.11   28.2872   84.7085   8.2  5.0 2015116024837
2015 (116) 04 26 02 54 54.47   28.0876   84.8110  14.5  4.2 2015116025454
2015 (116) 04 26 03 06 24.39   27.9947   84.8806  12.0  4.2 2015116030624
2015 (116) 04 26 03 10 15.47   27.7786   85.1605  14.9  4.2 2015116031015
2015 (116) 04 26 03 21 37.33   27.6454   85.6367   5.4  4.7 2015116032137
2015 (116) 04 26 04 10 32.32   28.1749   85.8490  26.1  4.2 2015116041032
2015 (116) 04 26 04 29 13.63   28.1494   85.0194  13.2  4.1 2015116042913
2015 (116) 04 26 04 33  7.20   28.0806   85.3505  11.5  4.2 2015116043307
2015 (116) 04 26 04 40 17.90   28.0746   84.8930  11.1  5.3 2015116044017
2015 (116) 04 26 04 50 31.26   28.0172   85.4826   7.7  4.9 2015116045031
2015 (116) 04 26 04 58 38.87   28.2468   85.0237  10.1  5.3 2015116045838
2015 (116) 04 26 05 47 31.58   28.1082   84.7933  12.0  4.1 2015116054731
2015 (116) 04 26 07 09  9.63   27.7497   86.0647  25.0  6.9 2015116070909
2015 (116) 04 26 07 26  4.76   27.7909   85.9643  13.7  5.5 2015116072604
2015 (116) 04 26 07 36 26.90   27.8958   86.0692  29.9  5.1 2015116073626
2015 (116) 04 26 07 43 27.10   27.7349   86.0002  18.7  4.4 2015116074327
2015 (116) 04 26 07 50 28.55   27.7729   86.0330  12.9  4.5 2015116075028
2015 (116) 04 26 08 10 26.19   27.7757   85.9696  16.0  4.1 2015116081026
2015 (116) 04 26 08 22 12.57   27.8609   85.8860  11.3  4.3 2015116082212
2015 (116) 04 26 08 40 57.80   27.7870   86.0332  21.9  5.4 2015116084057
2015 (116) 04 26 08 46 17.03   27.9562   85.8401  10.5  4.9 2015116084617
2015 (116) 04 26 09 42  7.54   27.7849   85.9384  15.7  4.7 2015116094207
2015 (116) 04 26 10 43 45.13   27.7865   85.9663  18.0  4.4 2015116104345
2015 (116) 04 26 12 04 22.73   27.8099   86.0718  19.6  4.3 2015116120422
2015 (116) 04 26 12 04 24.34   27.7850   86.0081  12.1  4.3 2015116120424
2015 (116) 04 26 12 34 42.23   27.7250   85.8313  11.5  4.5 2015116123442
2015 (116) 04 26 12 44 20.45   28.0764   85.1609  33.4  4.2 2015116124420
2015 (116) 04 26 13 03 49.39   27.9073   85.9048   7.4  4.1 2015116130349
2015 (116) 04 26 13 10 25.91   27.7583   86.0456   9.5  4.4 2015116131025
2015 (116) 04 26 13 11 15.98   27.8756   85.6184  24.8  5.2 2015116131115
2015 (116) 04 26 13 23 24.56   27.6742   85.9643  15.4  4.2 2015116132324
2015 (116) 04 26 14 32 36.53   27.7852   85.1587  13.4  4.1 2015116143236
2015 (116) 04 26 14 44 50.63   27.6856   86.0022  19.2  4.9 2015116144450
2015 (116) 04 26 14 57  4.58   28.3034   84.8422  13.3  4.9 2015116145704
2015 (116) 04 26 15 34 38.21   28.0860   85.1699  12.4  4.0 2015116153438
2015 (116) 04 26 16 02 31.39   27.7549   85.9756  15.6  4.2 2015116160231
2015 (116) 04 26 16 02 32.01   27.6125   85.9544  19.0  4.2 2015116160232
2015 (116) 04 26 16 23 37.96   27.6718   85.2889  11.5  4.2 2015116162337
2015 (116) 04 26 16 26  7.20   27.8117   85.8877  13.9  5.8 2015116162607
2015 (116) 04 26 16 57 25.27   27.8158   86.0769  11.8  4.2 2015116165725
2015 (116) 04 26 17 00 32.61   27.9280   84.8088  12.0  4.2 2015116170032
2015 (116) 04 26 17 20 57.45   27.6544   86.0173  11.6  4.0 2015116172057
2015 (116) 04 26 17 38 46.69   27.9889   85.3732  18.0  4.4 2015116173846
2015 (116) 04 26 18 06 34.91   27.8969   85.5477  13.2  4.2 2015116180634
2015 (116) 04 26 18 54 51.08   28.1336   85.0503  35.0  5.1 2015116185451
2015 (116) 04 26 19 27 45.42   28.1094   85.4800   6.7  4.2 2015116192745
2015 (116) 04 26 20 08 57.30   27.7235   85.1760  11.8  4.2 2015116200857
2015 (116) 04 26 20 26 39.29   27.7443   85.7690  43.9  4.1 2015116202639
2015 (116) 04 26 20 39  9.00   27.9636   85.1955  12.0  4.6 2015116203909
2015 (116) 04 26 21 37 15.66   27.8993   85.8105  19.1  4.2 2015116213715
2015 (116) 04 26 21 52 24.53   27.7381   85.1962  10.1  4.5 2015116215224
2015 (116) 04 26 22 30 38.15   27.5354   85.7368   8.2  4.6 2015116223038
2015 (116) 04 26 22 32 35.02   27.5499   85.7544  13.8  4.9 2015116223235
2015 (116) 04 26 22 42 24.65   27.7938   85.7744  10.0  4.6 2015116224224
2015 (116) 04 26 23 12 11.04   28.1660   85.3306  18.0  4.1 2015116231211
2015 (117) 04 27 00 01 49.60   27.7801   86.0448  15.7  4.3 2015117000149
2015 (117) 04 27 00 20 15.29   27.8394   86.0972  10.9  4.2 2015117002015
2015 (117) 04 27 00 39 17.41   27.7522   85.0779  11.9  4.8 2015117003917
2015 (117) 04 27 01 15 51.89   27.6596   85.9904  22.2  4.2 2015117011551
2015 (117) 04 27 01 53 40.36   28.0399   85.2388  12.0  4.4 2015117015340
2015 (117) 04 27 02 12 19.02   28.1922   85.0614   2.4  4.1 2015117021219
2015 (117) 04 27 02 15  6.18   27.7635   85.1578  11.6  4.2 2015117021506
2015 (117) 04 27 02 33 33.11   27.6548   85.5697   9.7  4.3 2015117023333
2015 (117) 04 27 04 14 45.83   28.2006   85.2077  13.1  4.7 2015117041445
2015 (117) 04 27 04 20 14.22   27.9319   85.8769  12.0  4.3 2015117042014
2015 (117) 04 27 05 05  0.78   27.9224   85.8265  23.1  4.2 2015117050500
2015 (117) 04 27 05 35 51.55   27.9397   85.4910   8.7  4.0 2015117053551
2015 (117) 04 27 06 00  1.42   27.8143   86.1381  15.8  4.2 2015117060001
2015 (117) 04 27 07 22 27.41   27.9429   85.5671  11.0  4.3 2015117072227
2015 (117) 04 27 09 32 15.22   27.7749   85.1164  13.7  4.3 2015117093215
2015 (117) 04 27 10 23 39.12   27.8722   85.0148  14.9  4.0 2015117102339
2015 (117) 04 27 12 17 11.52   27.7784   86.0578   5.9  4.1 2015117121711
2015 (117) 04 27 12 33  6.02   27.9447   85.5632  10.0  4.3 2015117123306
2015 (117) 04 27 12 54 43.44   28.1232   84.7912   8.6  4.1 2015117125443
2015 (117) 04 27 13 17 47.02   28.1100   84.9477  12.0  4.1 2015117131747
2015 (117) 04 27 13 23 16.17   28.2214   85.2352  12.0  4.0 2015117132316
2015 (117) 04 27 14 31 56.98   27.6239   85.7263  13.2  4.1 2015117143156
2015 (117) 04 27 14 34 38.89   27.8355   86.1742  21.5  4.2 2015117143438
2015 (117) 04 27 14 42 40.19   27.8393   85.7935  21.3  4.9 2015117144240
2015 (117) 04 27 14 57  0.52   27.9340   86.1296  19.0  4.6 2015117145700
2015 (117) 04 27 15 34 48.52   27.6771   85.7441  10.1  4.1 2015117153448
2015 (117) 04 27 16 54 47.03   27.7528   85.9176  13.5  4.6 2015117165447
2015 (117) 04 27 17 45 26.84   28.1538   85.0173  30.3  4.3 2015117174526
2015 (117) 04 27 18 59 54.00   28.1431   84.9239  14.5  5.1 2015117185954
2015 (117) 04 27 21 14 58.43   27.9010   85.5301  28.7  4.4 2015117211458
2015 (117) 04 27 21 27 41.67   27.8999   85.7627  13.9  4.4 2015117212741
2015 (117) 04 27 22 26  8.22   28.0300   84.6301  35.0  4.5 2015117222608
2015 (117) 04 27 23 20 29.43   28.0519   85.4977  24.0  5.1 2015117232029
2015 (118) 04 28 02 00 54.14   27.7549   86.1038  19.0  4.3 2015118020054
2015 (118) 04 28 02 55 27.38   27.7536   85.8281  11.8  4.2 2015118025527
2015 (118) 04 28 05 13 21.07   27.7686   85.8948  12.0  4.1 2015118051321
2015 (118) 04 28 06 23 49.30   27.9894   85.5898  10.5  4.0 2015118062349
2015 (118) 04 28 07 05 35.45   27.8248   86.1611  19.0  4.0 2015118070535
2015 (118) 04 28 09 25 25.99   27.8315   86.0190  26.3  4.2 2015118092525
2015 (118) 04 28 11 18  8.06   27.8884   85.9132  13.9  4.4 2015118111808
2015 (118) 04 28 16 22 43.89   28.1758   84.7748   9.5  4.1 2015118162243
2015 (118) 04 28 21 44 24.77   27.9115   85.8301   9.9  4.2 2015118214424
2015 (118) 04 28 22 29  3.41   27.9358   85.4574   9.8  4.2 2015118222903
2015 (118) 04 28 23 04 11.54   27.9451   85.6210   5.7  4.2 2015118230411
2015 (119) 04 29 00 09  6.05   27.7818   85.1426  10.9  4.3 2015119000906
2015 (119) 04 29 01 22 21.62   27.6015   86.1709  23.4  4.4 2015119012221
2015 (119) 04 29 03 18  9.73   27.6554   86.1442  30.8  4.3 2015119031809
2015 (119) 04 29 04 06  5.10   27.8311   86.1516  26.4  4.1 2015119040605
2015 (119) 04 29 05 23 55.83   28.1344   85.2405   5.4  4.0 2015119052355
2015 (119) 04 29 06 02 16.09   28.7647   84.4493   9.6  4.3 2015119060216
2015 (119) 04 29 06 05 12.45   28.1644   84.7935  14.6  4.2 2015119060512
2015 (119) 04 29 06 46 26.31   27.8605   85.8304  11.1  4.1 2015119064626
2015 (119) 04 29 07 32 30.47   28.0371   85.3628  13.4  4.2 2015119073230
2015 (119) 04 29 09 08 51.96   28.0611   84.9377  12.0  4.1 2015119090851
2015 (119) 04 29 09 15 28.01   28.1053   85.1669  10.6  4.2 2015119091528
2015 (119) 04 29 09 39 15.30   27.8567   84.8828  12.2  4.7 2015119093915
2015 (119) 04 29 11 27 46.64   27.9476   85.5191   5.4  4.8 2015119112746
2015 (119) 04 29 12 02  5.87   27.9063   85.5033   9.4  4.1 2015119120205
2015 (119) 04 29 14 16 24.70   28.0624   84.8373  28.1  4.0 2015119141624
2015 (119) 04 29 16 32  6.70   28.0405   86.0208  10.7  4.4 2015119163206
2015 (119) 04 29 16 56 57.24   28.1087   85.9409  11.1  4.3 2015119165657
2015 (119) 04 29 17 14  4.38   27.6653   85.9852  10.5  4.1 2015119171404
2015 (119) 04 29 17 16 14.54   28.1615   84.7648   0.8  4.9 2015119171614
2015 (119) 04 29 17 16 14.71   28.1498   84.7777   1.0  4.4 2015119171614
2015 (119) 04 29 17 37 14.27   27.8764   85.7556  11.2  4.1 2015119173714
2015 (119) 04 29 18 17 46.78   27.7347   86.0578  22.0  4.1 2015119181746
2015 (119) 04 29 19 06 44.69   28.0313   85.0513   9.3  4.1 2015119190644
2015 (119) 04 29 22 37 37.61   27.9607   85.4705  10.5  4.3 2015119223737
2015 (120) 04 30 00 37 12.60   27.9110   84.8091  12.0  4.9 2015120003712
2015 (120) 04 30 01 22 57.49   27.9281   84.8361  13.8  4.1 2015120012257
2015 (120) 04 30 02 46 27.28   28.0286   85.3463  18.0  4.8 2015120024627
2015 (120) 04 30 02 55 56.47   27.7880   85.1803   9.7  4.1 2015120025556
2015 (120) 04 30 07 44 43.20   27.6528   86.1327  26.7  4.4 2015120074443
2015 (120) 04 30 09 33 40.87   27.8153   85.2978  10.5  4.0 2015120093340
2015 (120) 04 30 09 39 39.02   27.7320   86.1340  32.3  4.3 2015120093939
2015 (120) 04 30 09 53 18.04   27.9208   85.6048   9.8  4.0 2015120095318
2015 (120) 04 30 10 51  8.18   27.9564   85.4345   8.6  4.2 2015120105108
2015 (120) 04 30 13 18 47.72   27.6416   86.0052   5.0  4.3 2015120131847
2015 (120) 04 30 17 34 39.13   27.8542   85.8747  19.0  4.4 2015120173439
2015 (120) 04 30 17 47 40.46   27.8958   85.7374   7.6  4.2 2015120174740
2015 (120) 04 30 19 13 29.96   27.6503   86.1035  19.0  4.6 2015120191329
2015 (120) 04 30 21 11  6.66   27.6853   85.2794   7.5  4.2 2015120211106
2015 (121) 05 01 00 05 54.92   28.5256   86.2212  57.0  4.1 2015121000554
2015 (121) 05 01 01 20 12.71   27.9006   85.8509   8.1  4.1 2015121012012
2015 (121) 05 01 02 36 52.38   27.9301   85.6088  10.2  4.2 2015121023652
2015 (121) 05 01 04 39 20.23   28.2175   85.8947  35.0  4.1 2015121043920
2015 (121) 05 01 04 52 13.08   27.7361   86.0369  28.5  4.5 2015121045213
2015 (121) 05 01 04 52 15.12   27.7114   85.9741  15.1  4.2 2015121045215
2015 (121) 05 01 05 43 21.52   28.0111   85.3272  18.0  4.3 2015121054321
2015 (121) 05 01 05 43 21.04   28.0319   85.3302  11.2  4.8 2015121054321
2015 (121) 05 01 11 52 22.76   27.6650   86.1038  19.0  4.3 2015121115222
2015 (121) 05 01 12 38 50.23   27.9152   85.5558  12.3  4.1 2015121123850
2015 (121) 05 01 14 28 57.25   28.0597   84.9079  11.2  4.0 2015121142857
2015 (121) 05 01 14 42 29.89   27.8795   85.8426   5.9  4.5 2015121144229
2015 (121) 05 01 18 14 59.75   28.0278   85.3167  11.7  4.3 2015121181459
2015 (121) 05 01 22 10 12.63   27.8956   85.8688  31.6  4.5 2015121221012
2015 (122) 05 02 00 10 46.02   27.7406   86.4320  10.1  4.4 2015122001046
2015 (122) 05 02 03 47  6.85   27.9330   85.4922  12.0  4.3 2015122034706
2015 (122) 05 02 05 28 42.89   27.6556   85.7838  18.9  4.2 2015122052842
2015 (122) 05 02 05 35 47.57   28.2091   84.7454  12.0  5.5 2015122053547
2015 (122) 05 02 09 41 17.62   27.9266   85.4504   9.9  4.2 2015122094117
2015 (122) 05 02 10 31 52.94   27.8522   86.0985  29.3  4.1 2015122103152
2015 (122) 05 02 14 39  2.35   27.9055   85.5819  11.2  4.0 2015122143902
2015 (122) 05 02 15 16 19.35   27.6573   86.0159   9.9  4.3 2015122151619
2015 (122) 05 02 21 44 11.52   27.6797   85.9574  13.9  4.6 2015122214411
2015 (122) 05 02 22 39 32.96   28.0365   84.9304  10.3  4.2 2015122223932
2015 (123) 05 03 00 02 43.77   28.0979   85.0034   0.0  4.1 2015123000243
2015 (123) 05 03 02 15 29.07   27.9722   84.8516  14.6  4.5 2015123021529
2015 (123) 05 03 05 01  9.62   27.9198   84.8162   7.9  4.6 2015123050109
2015 (123) 05 03 11 35 12.32   27.7924   85.1108  12.2  5.0 2015123113512
2015 (123) 05 03 13 13 44.54   27.8943   85.7392  13.4  4.1 2015123131344
2015 (123) 05 03 14 52 28.83   28.0935   85.7117   7.4  4.3 2015123145228
2015 (123) 05 03 16 33 38.28   28.0839   84.9298  12.0  4.1 2015123163338
2015 (123) 05 03 16 50 33.87   27.7859   85.8108  13.4  4.1 2015123165033
2015 (123) 05 03 23 14 16.84   27.7471   85.8849  12.8  4.4 2015123231416
2015 (124) 05 04 01 15  8.73   27.6747   86.0066  10.7  4.5 2015124011508
2015 (124) 05 04 04 09 21.15   27.9574   85.2084  12.3  4.5 2015124040921
2015 (124) 05 04 04 48 16.91   27.7943   85.1592  11.1  4.2 2015124044816
2015 (124) 05 04 04 51 53.73   27.7982   85.1549  12.1  4.2 2015124045153
2015 (124) 05 04 08 49 59.92   27.7893   86.2430   6.9  4.8 2015124084959
2015 (124) 05 04 09 52 50.89   28.0107   85.2835  18.0  4.1 2015124095250
2015 (124) 05 04 09 55 57.27   27.9127   85.8943  12.8  4.5 2015124095557
2015 (124) 05 04 12 17 13.75   27.7400   86.1304  27.2  4.3 2015124121713
2015 (124) 05 04 14 19  4.47   27.7886   85.8617  13.8  4.1 2015124141904
2015 (125) 05 05 00 54  5.24   28.0429   85.0446  10.0  4.0 2015125005405
2015 (125) 05 05 10 38 47.67   27.7393   86.1453  27.2  4.5 2015125103847
2015 (125) 05 05 11 15 41.51   27.9202   85.9908  12.2  4.5 2015125111541
2015 (126) 05 06 12 17 14.44   28.0072   84.6675  11.4  4.3 2015126121714
2015 (126) 05 06 16 34 18.91   28.0283   85.2472  14.5  4.0 2015126163418
2015 (126) 05 06 21 56 27.85   27.7463   85.1808   9.9  4.4 2015126215627
2015 (126) 05 06 22 11 56.02   27.8847   85.5945  18.0  4.0 2015126221156
2015 (127) 05 07 02 11 41.69   27.7908   85.1507  11.2  4.1 2015127021141
2015 (127) 05 07 11 16 16.14   27.6358   85.8859  14.6  4.1 2015127111616
2015 (127) 05 07 16 30 47.54   27.9074   85.4740  25.6  4.3 2015127163047
2015 (127) 05 07 20 34 46.22   27.9520   85.5749   5.6  4.1 2015127203446
2015 (128) 05 08 00 32 33.30   27.6778   86.0814  26.1  5.2 2015128003233
2015 (128) 05 08 02 34 41.04   27.6680   85.9423  12.9  4.4 2015128023441
2015 (128) 05 08 07 47 53.24   27.7826   85.8801  13.0  4.9 2015128074753
2015 (128) 05 08 07 47 53.52   27.7766   85.8856  13.2  5.0 2015128074753
2015 (128) 05 08 09 20 39.13   28.0083   85.4147   7.6  4.5 2015128092039
2015 (128) 05 08 14 22 57.41   27.9621   85.8335  10.8  4.1 2015128142257
2015 (128) 05 08 21 23 29.40   28.0373   85.1917  11.5  4.4 2015128212329
2015 (129) 05 09 20 05 28.66   28.0611   85.9233   1.2  4.3 2015129200528
2015 (130) 05 10 00 49 54.38   27.8699   85.9607  19.0  4.5 2015130004954
2015 (130) 05 10 05 23 32.71   28.0131   85.2542  14.0  4.3 2015130052332
2015 (130) 05 10 09 38 34.33   27.6531   85.5594  10.3  4.2 2015130093834
2015 (131) 05 11 14 50 58.49   27.9319   85.9051  14.4  4.4 2015131145058
2015 (131) 05 11 14 52 42.08   27.8019   85.8009  12.6  4.7 2015131145242
2015 (131) 05 11 18 09 29.07   27.9110   85.7448   8.5  4.2 2015131180929
2015 (131) 05 11 18 22 27.61   28.0616   84.8960  12.0  4.1 2015131182227
2015 (131) 05 11 20 23 35.01   28.1370   84.8948  11.3  4.1 2015131202335
2015 (132) 05 12 02 36 16.22   28.1255   84.8912  15.1  4.1 2015132023616
2015 (132) 05 12 05 57 58.85   27.9547   85.1965  12.4  4.1 2015132055758
2015 (132) 05 12 07 05 18.44   27.8302   86.1966  19.0  7.0 2015132070518
2015 (132) 05 12 07 10 18.87   27.7135   86.3236  28.6  5.7 2015132071018
2015 (132) 05 12 07 12 52.27   27.8864   86.3572  35.0  5.2 2015132071252
2015 (132) 05 12 07 17 19.14   27.8668   86.3256  36.2  5.4 2015132071719
2015 (132) 05 12 07 20 51.89   27.7142   86.1042  10.0  4.8 2015132072051
2015 (132) 05 12 07 22 18.43   27.9016   86.2441  19.0  5.1 2015132072218
2015 (132) 05 12 07 34 24.66   27.7830   86.1807  26.3  5.5 2015132073424
2015 (132) 05 12 07 36 51.21   27.6752   86.3932  19.0  6.3 2015132073651
2015 (132) 05 12 07 43 14.85   27.6874   86.3995  34.7  4.7 2015132074314
2015 (132) 05 12 07 47 43.59   27.5847   86.2426  11.7  5.1 2015132074743
2015 (132) 05 12 07 48 48.90   27.7909   86.4520   6.5  5.5 2015132074848
2015 (132) 05 12 07 57 16.74   27.7906   86.1838   9.7  4.8 2015132075716
2015 (132) 05 12 08 01 40.28   27.8100   85.9910   9.0  4.6 2015132080140
2015 (132) 05 12 08 01 39.30   27.7186   86.0583  32.5  4.4 2015132080139
2015 (132) 05 12 08 05 23.33   27.6934   86.0916   0.0  4.6 2015132080523
2015 (132) 05 12 08 06  9.34   27.7433   86.0615  15.7  5.2 2015132080609
2015 (132) 05 12 08 11 25.70   27.7039   85.9419   5.6  4.7 2015132081125
2015 (132) 05 12 08 13 54.62   27.7703   85.9069  22.7  5.4 2015132081354
2015 (132) 05 12 08 21  9.10   27.7113   86.2784  23.2  5.3 2015132082109
2015 (132) 05 12 08 24 26.62   27.8036   85.9907  16.2  5.1 2015132082426
2015 (132) 05 12 08 27  4.05   27.7115   85.9486   7.2  4.5 2015132082704
2015 (132) 05 12 08 34 24.78   27.8742   85.9299   7.2  5.1 2015132083424
2015 (132) 05 12 08 35 33.64   27.6570   86.3254  13.2  4.8 2015132083533
2015 (132) 05 12 08 39  9.70   27.6680   86.2121   3.8  4.9 2015132083909
2015 (132) 05 12 08 51 30.21   27.6942   86.3416  18.7  4.3 2015132085130
2015 (132) 05 12 08 59 39.88   27.7181   86.3479  29.3  5.3 2015132085939
2015 (132) 05 12 09 02 12.24   27.7909   86.1120   9.1  4.7 2015132090212
2015 (132) 05 12 09 29 25.51   27.6918   86.0191  10.0  4.4 2015132092925
2015 (132) 05 12 09 44 38.01   27.7576   85.9981  20.4  4.4 2015132094438
2015 (132) 05 12 10 04  4.19   27.6838   86.0158   8.1  4.6 2015132100404
2015 (132) 05 12 10 15  4.95   27.5416   86.3766   5.8  4.9 2015132101504
2015 (132) 05 12 10 31  3.44   27.6867   86.0565  11.1  4.3 2015132103103
2015 (132) 05 12 10 35 37.98   27.7504   86.2983  33.1  4.8 2015132103537
2015 (132) 05 12 10 41 31.48   27.5889   86.2295   4.4  4.8 2015132104131
2015 (132) 05 12 11 06 30.87   27.5761   86.3359  28.7  4.9 2015132110630
2015 (132) 05 12 11 21 31.28   27.6970   86.1691   7.8  4.8 2015132112131
2015 (132) 05 12 11 58 13.55   27.7096   85.9989   6.3  4.5 2015132115813
2015 (132) 05 12 12 28 22.16   27.7156   86.0990  30.5  5.0 2015132122822
2015 (132) 05 12 13 02 21.41   27.8684   85.8696   5.9  4.7 2015132130221
2015 (132) 05 12 13 08 10.13   27.7320   85.9923  13.6  4.2 2015132130810
2015 (132) 05 12 13 25 24.24   27.7902   86.2343   0.0  4.4 2015132132524
2015 (132) 05 12 13 43 18.10   27.7379   85.9360  14.8  4.5 2015132134318
2015 (132) 05 12 13 47  5.84   27.7666   85.9150  13.7  4.6 2015132134705
2015 (132) 05 12 13 57 18.75   27.8497   86.3306  27.5  4.6 2015132135718
2015 (132) 05 12 14 59 44.09   27.9505   86.3326  11.4  4.3 2015132145944
2015 (132) 05 12 15 28 17.85   27.7892   86.5362  35.0  4.6 2015132152817
2015 (132) 05 12 16 32 12.58   27.6644   86.1234  10.7  4.3 2015132163212
2015 (132) 05 12 17 28 37.31   27.6392   86.3931  32.6  4.3 2015132172837
2015 (132) 05 12 18 49  5.95   27.6656   86.1793   5.7  4.3 2015132184905
2015 (132) 05 12 18 51 41.51   27.7750   86.3099   1.6  4.6 2015132185141
2015 (132) 05 12 19 34 59.42   27.6402   86.1273   8.6  4.7 2015132193459
2015 (132) 05 12 19 37 42.17   27.6327   86.1882  10.0  4.9 2015132193742
2015 (132) 05 12 20 22 15.17   27.6907   85.2971   9.1  4.6 2015132202215
2015 (132) 05 12 20 44 29.06   27.7392   86.2439   9.7  4.4 2015132204429
2015 (132) 05 12 21 25 13.01   27.8974   84.8081   9.5  5.8 2015132212513
2015 (132) 05 12 21 57 15.10   27.8500   85.9012   7.6  4.4 2015132215715
2015 (132) 05 12 22 53 15.20   27.7888   86.5024  41.3  4.5 2015132225315
2015 (133) 05 13 02 23 13.25   27.6834   86.1353   6.9  4.5 2015133022313
2015 (133) 05 13 02 43 46.82   27.7314   86.3107  30.4  4.7 2015133024346
2015 (133) 05 13 04 48  3.45   27.7571   86.2922  27.0  4.7 2015133044803
2015 (133) 05 13 05 35 52.69   27.9339   85.5845   8.0  4.2 2015133053552
2015 (133) 05 13 06 26  8.52   27.6920   86.1590  32.3  4.8 2015133062608
2015 (133) 05 13 06 37 30.43   27.7472   86.1805  26.2  5.0 2015133063730
2015 (133) 05 13 06 49 34.05   27.8031   86.3280  29.3  4.7 2015133064934
2015 (133) 05 13 06 53  0.65   27.6509   86.2401  29.2  5.3 2015133065300
2015 (133) 05 13 08 45 54.71   27.5821   86.2795  19.0  4.5 2015133084554
2015 (133) 05 13 09 52 27.13   27.8264   86.3516  28.3  4.2 2015133095227
2015 (133) 05 13 10 59 43.49   27.6098   86.1953  10.1  4.7 2015133105943
2015 (133) 05 13 15 36 14.46   27.6415   85.7042  11.3  4.1 2015133153614
2015 (133) 05 13 15 51  1.25   27.6744   86.1813  11.3  4.2 2015133155101
2015 (133) 05 13 15 53  9.27   28.0200   84.9359   0.4  4.2 2015133155309
2015 (133) 05 13 18 30 59.35   27.8516   86.4172  33.8  4.4 2015133183059
2015 (133) 05 13 21 28 40.12   27.6651   86.0357   7.6  4.4 2015133212840
2015 (133) 05 13 21 38  7.58   27.6647   86.1022  10.8  5.3 2015133213807
2015 (134) 05 14 03 07 12.73   27.7532   85.8893  12.5  4.1 2015134030712
2015 (134) 05 14 03 21 37.65   27.7805   86.3207  19.0  4.5 2015134032137
2015 (134) 05 14 09 35 23.06   27.6128   86.0963   8.4  4.3 2015134093523
2015 (134) 05 14 13 58  5.13   27.7098   86.2659  26.5  4.1 2015134135805
2015 (134) 05 14 14 36 38.82   28.0417   85.3547  13.6  4.6 2015134143638
2015 (134) 05 14 15 05 43.47   27.7180   86.0079   5.9  4.2 2015134150543
2015 (134) 05 14 15 29 46.29   27.6730   86.1304   3.3  4.0 2015134152946
2015 (134) 05 14 15 55  8.21   27.8455   85.8612  19.0  4.1 2015134155508
2015 (134) 05 14 21 53 34.71   27.5939   86.3768  12.0  4.2 2015134215334
2015 (134) 05 14 22 21 17.05   27.6702   86.1028  12.5  4.3 2015134222117
2015 (135) 05 15 01 42 43.79   27.9133   84.8131  12.8  5.6 2015135014243
2015 (135) 05 15 05 06  2.38   27.9198   84.8335   9.4  4.1 2015135050602
2015 (135) 05 15 09 24 14.31   27.6297   86.2478  30.6  4.6 2015135092414
2015 (135) 05 15 17 13 51.48   27.7451   86.2816  31.4  4.1 2015135171351
2015 (135) 05 15 20 30 59.85   28.0493   84.6964   8.6  4.3 2015135203059
2015 (135) 05 15 22 43 14.83   27.6486   86.1425   5.7  4.2 2015135224314
2015 (135) 05 15 22 53 24.49   27.6593   86.0654   9.4  4.3 2015135225324
2015 (136) 05 16 00 26 56.90   27.9621   85.4783   7.8  4.1 2015136002656
2015 (136) 05 16 00 46  8.62   28.1204   84.8890   9.3  4.2 2015136004608
2015 (136) 05 16 03 39 27.36   27.7054   85.8549   7.2  4.7 2015136033927
2015 (136) 05 16 03 50 21.02   27.4611   85.3073   7.3  4.3 2015136035021
2015 (136) 05 16 07 52 26.01   27.7966   86.3373  19.0  4.1 2015136075226
2015 (136) 05 16 08 41 45.59   28.1257   84.9060   9.2  4.0 2015136084145
2015 (136) 05 16 11 34  9.50   27.6386   86.2613  28.0  5.5 2015136113409
2015 (136) 05 16 12 46 23.96   27.6668   86.1575  19.0  4.2 2015136124623
2015 (136) 05 16 14 59 46.96   27.6607   86.2123  14.1  4.4 2015136145946
2015 (136) 05 16 16 23 44.23   27.6090   86.2349  26.8  4.1 2015136162344
2015 (136) 05 16 23 15 23.09   27.6956   86.1719  27.8  4.6 2015136231523
2015 (137) 05 17 05 45 38.73   27.4454   85.9340  25.8  4.6 2015137054538
2015 (137) 05 17 14 55  1.43   27.7863   86.3225  19.0  4.4 2015137145501
2015 (138) 05 18 03 26 26.69   27.6771   86.1705  25.9  4.3 2015138032626
2015 (138) 05 18 12 16 15.48   28.5071   85.5947  47.0  4.2 2015138121615
2015 (138) 05 18 12 42 10.68   28.1117   84.8611  12.0  4.1 2015138124210
2015 (138) 05 18 17 39 46.06   27.7130   86.3811  35.0  4.1 2015138173946
2015 (138) 05 18 21 42 30.71   27.6732   86.1726  14.2  4.0 2015138214230
2015 (138) 05 18 22 49 51.57   27.7040   85.9811  19.0  4.1 2015138224951
2015 (139) 05 19 05 44 43.37   27.8214   86.1434  29.3  4.0 2015139054443
2015 (139) 05 19 10 59 31.80   27.8786   86.0888  14.3  4.4 2015139105931
2015 (140) 05 20 05 25  0.47   27.7929   86.3616  30.3  4.3 2015140052500
2015 (140) 05 20 05 46 27.65   28.2409   85.9176  15.3  4.1 2015140054627
2015 (140) 05 20 09 02 36.91   27.5416   85.2537  10.6  4.4 2015140090236
2015 (141) 05 21 09 11 56.59   27.9382   85.4612  10.0  4.1 2015141091156
2015 (141) 05 21 13 46  0.34   28.0204   84.9819   8.9  4.0 2015141134600
2015 (142) 05 22 00 53 39.27   27.3876   86.5643  28.7  4.0 2015142005339
2015 (142) 05 22 05 10 29.45   27.8226   85.2796  11.0  4.1 2015142051029
2015 (142) 05 22 09 00 56.11   27.7646   85.1427  12.0  4.3 2015142090056
2015 (142) 05 22 10 59 35.17   28.0652   85.0711   7.4  4.8 2015142105935
2015 (142) 05 22 11 45 46.13   27.5953   86.3293  14.7  4.4 2015142114546
2015 (142) 05 22 13 04  6.89   27.7504   85.9057  14.9  4.2 2015142130406
2015 (142) 05 22 14 59 51.06   27.6919   86.1690   9.7  4.2 2015142145951
2015 (142) 05 22 20 13 39.22   27.7050   86.0476   9.9  4.2 2015142201339
2015 (143) 05 23 07 29 57.56   27.7296   86.2993  27.5  4.3 2015143072957
2015 (143) 05 23 16 41 13.32   27.8915   85.5245  25.2  4.5 2015143164113
2015 (143) 05 23 18 11  0.50   27.5391   86.4747  24.3  4.0 2015143181100
2015 (144) 05 24 01 21  6.91   27.6581   86.1823   9.8  4.2 2015144012106
2015 (144) 05 24 04 53 46.71   27.7462   86.4041  14.3  4.4 2015144045346
2015 (144) 05 24 06 01 51.32   27.8043   85.9986  11.7  4.2 2015144060151
2015 (144) 05 24 07 10 56.05   27.7922   86.2683   4.2  4.5 2015144071056
2015 (144) 05 24 17 30 34.42   27.7271   86.4104  34.8  4.3 2015144173034
2015 (144) 05 24 21 38 40.93   28.0055   84.6676  12.6  5.1 2015144213840
2015 (145) 05 25 05 15 41.52   27.7117   86.0702   9.9  4.1 2015145051541
2015 (145) 05 25 11 05  1.23   27.9306   85.5413   9.7  5.3 2015145110501
2015 (145) 05 25 16 31 16.68   27.7273   86.1961   9.1  4.4 2015145163116
2015 (146) 05 26 08 26 19.44   27.8058   86.3558  19.2  4.3 2015146082619
2015 (146) 05 26 12 02 59.53   27.6058   86.4045   9.8  4.1 2015146120259
2015 (146) 05 26 12 54 34.43   27.7034   86.0467  10.1  4.1 2015146125434
2015 (146) 05 26 14 15 30.39   27.5232   85.4204   5.2  4.4 2015146141530
2015 (146) 05 26 17 07 14.27   28.0053   85.2535  14.3  5.0 2015146170714
2015 (147) 05 27 06 18 37.35   27.5816   86.2161  10.2  4.3 2015147061837
2015 (147) 05 27 07 30 44.30   27.9146   85.5234   7.5  4.5 2015147073044
2015 (147) 05 27 07 31  1.43   27.8898   85.5331   7.8  4.7 2015147073101
2015 (147) 05 27 16 45  0.13   28.0284   85.1345  11.2  4.2 2015147164500
2015 (147) 05 27 21 22  1.70   27.9899   84.7822   0.0  4.0 2015147212201
2015 (147) 05 27 21 55 33.92   27.9208   84.7811   8.4  4.0 2015147215533
2015 (147) 05 27 23 44 33.74   27.7707   86.2561   7.0  4.2 2015147234433
2015 (148) 05 28 05 51  4.40   27.5744   86.1760   6.1  4.2 2015148055104
2015 (148) 05 28 06 29 14.04   27.5910   86.2781  19.0  4.2 2015148062914
2015 (148) 05 28 16 31 58.70   27.9139   85.5450  11.7  4.1 2015148163158
2015 (148) 05 28 18 52 31.41   27.7926   86.3872   9.1  4.3 2015148185231
2015 (148) 05 28 23 35 53.45   28.0657   84.9403  12.2  4.2 2015148233553
2015 (149) 05 29 02 45 36.19   28.0987   84.7061  35.0  4.0 2015149024536
2015 (149) 05 29 06 45 32.19   28.0099   84.8342   9.1  4.8 2015149064532
2015 (149) 05 29 10 00  0.05   28.0153   84.9946  13.4  5.2 2015149100000
2015 (149) 05 29 20 07 55.94   27.7436   85.2008  10.9  4.0 2015149200755
2015 (150) 05 30 14 50 28.78   28.0344   85.1957  12.0  4.0 2015150145028
2015 (150) 05 30 16 28 19.84   27.8023   85.1661   9.2  4.5 2015150162819
2015 (151) 05 31 08 09 21.68   28.2793   84.4594   7.2  4.3 2015151080921
2015 (151) 05 31 22 50 18.83   27.9341   85.5066  12.9  4.0 2015151225018
2015 (153) 06 02 05 03 29.96   27.7791   86.2210   8.3  4.0 2015153050329
2015 (153) 06 02 21 00 38.05   27.8401   85.7806  11.1  4.1 2015153210038
2015 (154) 06 03 07 52 36.84   27.7802   85.8955  20.1  4.5 2015154075236
2015 (154) 06 03 08 54 21.14   27.6450   86.0855   8.1  4.2 2015154085421
2015 (154) 06 03 11 53 30.79   27.6864   86.2904  22.0  4.5 2015154115330
2015 (155) 06 04 10 30 54.88   27.6986   86.2125  19.0  4.1 2015155103054
2015 (156) 06 05 04 17 49.55   27.7806   85.7904   9.9  4.2 2015156041749
2015 (156) 06 05 20 48 36.04   28.2624   85.8753   6.3  4.2 2015156204836
2015 (157) 06 06 17 00 24.72   27.5762   86.2077  14.0  4.0 2015157170024
2015 (158) 06 07 05 17 46.22   27.8802   85.6627  23.6  4.7 2015158051746
2015 (158) 06 07 16 50 40.67   27.8619   86.1618  19.0  4.2 2015158165040
