1.000000 84.600000 28.300000 0.004090 
 2.000000 84.600000 28.600000 0.005032 
 3.000000 84.600000 28.450000 0.007113 
 4.000000 84.550000 28.450000 0.010839 
 5.000000 84.600000 28.400000 0.015661 
 6.000000 84.600000 28.300000 0.022143 
 7.000000 84.600000 28.250000 0.029065 
 8.000000 84.600000 28.250000 0.035903 
 9.000000 84.600000 28.250000 0.042356 
 10.000000 84.600000 28.300000 0.051689 
 11.000000 84.600000 28.300000 0.067078 
 12.000000 84.600000 28.250000 0.088686 
 13.000000 84.600000 28.200000 0.115774 
 14.000000 84.600000 28.200000 0.138916 
 15.000000 84.700000 28.150000 0.155996 
 16.000000 84.700000 28.100000 0.165573 
 17.000000 84.800000 28.100000 0.171124 
 18.000000 84.700000 28.150000 0.177104 
 19.000000 84.700000 28.200000 0.191924 
 20.000000 84.750000 28.250000 0.218579 
 21.000000 84.850000 28.300000 0.260748 
 22.000000 84.950000 28.250000 0.313265 
 23.000000 85.000000 28.200000 0.365937 
 24.000000 85.100000 28.200000 0.422584 
 25.000000 85.050000 28.200000 0.494414 
 26.000000 85.000000 28.150000 0.569950 
 27.000000 85.150000 28.100000 0.649281 
 28.000000 85.150000 28.100000 0.732107 
 29.000000 85.100000 28.050000 0.804414 
 30.000000 85.250000 28.000000 0.844179 
 31.000000 85.250000 27.950000 0.869138 
 32.000000 85.250000 27.950000 0.874816 
 33.000000 85.200000 27.950000 0.890561 
 34.000000 85.150000 27.950000 0.930208 
 35.000000 85.150000 27.950000 0.971285 
 36.000000 85.300000 27.850000 1.000000 
 37.000000 85.350000 27.850000 0.979177 
 38.000000 85.350000 27.850000 0.931044 
 39.000000 85.350000 27.850000 0.848087 
 40.000000 85.350000 27.850000 0.789141 
 41.000000 85.550000 27.800000 0.745081 
 42.000000 85.350000 27.850000 0.730582 
 43.000000 85.350000 27.850000 0.732436 
 44.000000 85.500000 27.800000 0.734289 
 45.000000 85.650000 27.750000 0.714285 
 46.000000 85.650000 27.700000 0.675340 
 47.000000 85.650000 27.700000 0.617815 
 48.000000 85.400000 28.050000 0.595008 
 49.000000 85.550000 27.950000 0.681247 
 50.000000 85.550000 27.900000 0.750145 
 51.000000 85.550000 27.900000 0.811875 
 52.000000 85.700000 27.850000 0.869943 
 53.000000 85.700000 27.800000 0.909155 
 54.000000 85.750000 27.750000 0.926531 
 55.000000 85.900000 27.700000 0.908830 
 56.000000 85.900000 27.700000 0.876009 
 57.000000 85.900000 27.700000 0.836500 
 58.000000 85.950000 27.700000 0.808469 
 59.000000 86.000000 27.650000 0.778284 
 60.000000 86.100000 27.600000 0.743554 
 61.000000 86.200000 27.550000 0.683685 
 62.000000 86.200000 27.550000 0.606984 
 63.000000 86.350000 27.450000 0.530626 
 64.000000 86.300000 27.400000 0.433017 
 65.000000 86.400000 27.350000 0.349969 
 66.000000 86.100000 28.200000 0.304997 
 67.000000 86.100000 28.150000 0.322072 
 68.000000 86.250000 28.100000 0.331893 
 69.000000 86.400000 28.050000 0.325359 
 70.000000 86.400000 28.050000 0.314573 
 71.000000 86.400000 28.050000 0.307727 
 72.000000 86.400000 28.050000 0.304054 
 73.000000 86.400000 28.000000 0.301367 
 74.000000 86.400000 27.950000 0.291876 
 75.000000 86.400000 27.850000 0.281880 
 76.000000 86.400000 27.800000 0.266112 
 77.000000 86.400000 27.700000 0.250879 
 78.000000 86.400000 27.650000 0.237531 
 79.000000 86.400000 27.600000 0.224706 
 80.000000 86.400000 27.550000 0.208881 
 81.000000 86.400000 27.500000 0.194348 
 82.000000 86.400000 27.450000 0.169845 
 83.000000 86.400000 27.400000 0.146580 
 84.000000 86.400000 27.300000 0.120268 
 85.000000 86.400000 27.700000 0.109325 
 86.000000 86.250000 27.750000 0.107176 
 87.000000 86.400000 27.000000 0.112463 
 88.000000 86.400000 27.000000 0.114002 
 89.000000 86.400000 27.000000 0.113203 
 90.000000 86.400000 27.000000 0.109252 
 91.000000 86.400000 27.000000 0.105682 
 92.000000 86.400000 27.000000 0.104271 
 93.000000 86.500000 27.000000 0.101873 
 94.000000 86.500000 27.000000 0.092150 
 95.000000 86.650000 27.000000 0.078203 
 96.000000 86.650000 27.000000 0.063591 
 97.000000 86.700000 27.000000 0.051272 
 98.000000 86.700000 27.000000 0.046138 
 99.000000 86.650000 27.000000 0.042428 
 100.000000 86.400000 27.000000 0.040386 
 