
 1.000000 0.017497 
 2.000000 0.025272 
 3.000000 0.032798 
 4.000000 0.039260 
 5.000000 0.043902 
 6.000000 0.050229 
 7.000000 0.063251 
 8.000000 0.083345 
 9.000000 0.105291 
 10.000000 0.121017 
 11.000000 0.129302 
 12.000000 0.136594 
 13.000000 0.147466 
 14.000000 0.165574 
 15.000000 0.193182 
 16.000000 0.229870 
 17.000000 0.268858 
 18.000000 0.301810 
 19.000000 0.336096 
 20.000000 0.397779 
 21.000000 0.496630 
 22.000000 0.602136 
 23.000000 0.675326 
 24.000000 0.701552 
 25.000000 0.695638 
 26.000000 0.692355 
 27.000000 0.717459 
 28.000000 0.785077 
 29.000000 0.878223 
 30.000000 0.966682 
 31.000000 1.000000 
 32.000000 0.962665 
 33.000000 0.867336 
 34.000000 0.757281 
 35.000000 0.652565 
 36.000000 0.572005 
 37.000000 0.525404 
 38.000000 0.514485 
 39.000000 0.545193 
 40.000000 0.610989 
 41.000000 0.698239 
 42.000000 0.770971 
 43.000000 0.796268 
 44.000000 0.791473 
 45.000000 0.770133 
 46.000000 0.742086 
 47.000000 0.716018 
 48.000000 0.693160 
 49.000000 0.675081 
 50.000000 0.637527 
 51.000000 0.577946 
 52.000000 0.512826 
 53.000000 0.452100 
 54.000000 0.391219 
 55.000000 0.337988 
 56.000000 0.298046 
 57.000000 0.280472 
 58.000000 0.291927 
 59.000000 0.323959 
 60.000000 0.364941 
 61.000000 0.400536 
 62.000000 0.410081 
 63.000000 0.388983 
 64.000000 0.347956 
 65.000000 0.299986 
 66.000000 0.257440 
 67.000000 0.231493 
 68.000000 0.230935 
 69.000000 0.240534 
 70.000000 0.244463 
 71.000000 0.227626 
 72.000000 0.194634 
 73.000000 0.164806 
 74.000000 0.150344 
 75.000000 0.148302 
 76.000000 0.155012 
 77.000000 0.164345 
 78.000000 0.167423 
 79.000000 0.162629 
 80.000000 0.148069 
 81.000000 0.133918 
 82.000000 0.118811 
 83.000000 0.105840 
 84.000000 0.092925 
 85.000000 0.087307 
 86.000000 0.086047 
 87.000000 0.086223 
 88.000000 0.082812 
 89.000000 0.077642 
 90.000000 0.077075 